400	147.3031
401.2515	141.2983
402.503	137.4094
403.7545	133.752
405.0061	131.7195
406.2576	123.5442
407.5091	126.5853
408.7606	127.4234
410.0121	122.5938
411.2636	115.5415
412.5151	111.157
413.7667	110.7715
415.0182	112.2369
416.2697	107.4297
417.5212	107.3323
418.7727	103.7846
420.0242	97.9113
421.2757	96.6629
422.5273	102.8593
423.7788	99.669
425.0303	100.0405
426.2818	94.9281
427.5333	95.9729
428.7848	94.0845
430.0363	89.6627
431.2878	92.3111
432.5394	93.0412
433.7909	83.3675
435.0424	91.6562
436.2939	87.7589
437.5454	84.8919
438.7969	86.1738
440.0484	84.5627
441.3	81.4255
442.5515	79.0071
443.803	80.8072
445.0545	80.1949
446.306	80.2456
447.5575	78.219
448.809	75.6292
450.0606	79.6174
451.3121	75.9
452.5636	74.8026
453.8151	75.3259
455.0666	80.0434
456.3181	83.9772
457.5696	83.0835
458.8212	78.3034
460.0727	74.5381
461.3242	80.1645
462.5757	77.3746
463.8272	74.7424
465.0787	72.331
466.3302	69.01
467.5818	68.3187
468.8333	76.1237
470.0848	69.627
471.3363	70.8017
472.5878	73.3276
473.8393	73.0919
475.0908	70.8459
476.3423	71.4956
477.5939	76.2678
478.8454	70.6388
480.0969	71.5057
481.3484	66.851
482.5999	65.006
483.8514	68.986
485.1029	71.5324
486.3545	68.3179
487.606	68.0419
488.8575	65.4391
490.109	70.2817
491.3605	69.44
492.612	68.8974
493.8635	68.4716
495.1151	69.6119
496.3666	73.0734
497.6181	66.9887
498.8696	71.3304
500.1211	74.1307
501.3726	70.5325
502.6241	68.4723
503.8757	68.8179
505.1272	68.8179
506.3787	69.0215
507.6302	70.5842
508.8817	65.6802
510.1332	70.4361
511.3847	69.7867
512.6363	66.8998
513.8878	65.9159
515.1393	65.6612
516.3908	64.5817
517.6423	74.4075
518.8938	70.6772
520.1453	66.9082
521.3969	68.4614
522.6484	67.8984
523.8999	65.4834
525.1514	70.6399
526.4029	75.8935
527.6544	68.9298
528.9059	66.7336
530.1574	67.9165
531.409	69.073
532.6605	69.6988
533.912	68.4265
535.1635	63.2271
536.415	66.1002
537.6665	74.7795
538.918	70.2153
540.1696	66.8983
541.4211	67.174
542.6726	70.0778
543.9241	73.0492
545.1756	71.4958
546.4271	65.8222
547.6786	66.8766
548.9302	72.0196
550.1817	69.3927
551.4332	65.5234
552.6847	65.5746
553.9362	67.3187
555.1877	68.3035
556.4392	70.4849
557.6908	70.3555
558.9423	66.3567
560.1938	65.2975
561.4453	65.5092
562.6968	67.3063
563.9483	72.1538
565.1998	72.0944
566.4514	68.8617
567.7029	64.9843
568.9544	60.7093
570.2059	63.1155
571.4574	66.4459
572.7089	66.0711
573.9604	64.6042
575.2119	63.5231
576.4635	61.9513
577.715	64.621
578.9665	67.0063
580.218	67.2675
581.4695	65.7464
582.721	66.792
583.9725	71.3421
585.2241	65.4937
586.4756	68.5555
587.7271	64.4131
588.9786	64.5337
590.2301	66.3311
591.4816	66.5905
592.7331	66.7368
593.9847	69.407
595.2362	69.7358
596.4877	68.4225
597.7392	65.0907
598.9907	65.6833
600.2422	70.0545
601.4937	68.7771
602.7453	63.6246
603.9968	64.453
605.2483	65.5271
606.4998	70.9614
607.7513	64.5937
609.0028	63.4645
610.2543	65.1663
611.5059	69.0265
612.7574	69.6872
614.0089	64.6267
615.2604	65.9266
616.5119	67.0652
617.7634	66.0271
619.0149	67.9692
620.2665	68.8179
621.518	69.9043
622.7695	68.0262
624.021	63.3045
625.2725	66.5842
626.524	66.322
627.7755	68.306
629.027	70.8456
630.2786	73.9183
631.5301	71.0586
632.7816	65.6001
634.0331	65.4844
635.2846	69.921
636.5361	64.4317
637.7876	70.1494
639.0392	69.6525
640.2907	70.3018
641.5422	65.1954
642.7937	65.5115
644.0452	70.601
645.2967	65.8452
646.5482	68.4746
647.7998	70.9352
649.0513	73.1556
650.3028	69.5786
651.5543	68.6721
652.8058	71.3674
654.0573	73.6486
655.3088	74.1519
656.5604	75.7781
657.8119	64.0601
659.0634	68.5587
660.3149	73.2552
661.5664	73.4931
662.8179	73.83
664.0694	72.298
665.321	68.9913
666.5725	70.334
667.824	67.5172
669.0755	64.8712
670.327	66.2104
671.5785	72.8665
672.83	72.0547
674.0816	68.7532
675.3331	69.5443
676.5846	71.2183
677.8361	68.5956
679.0876	76.0991
680.3391	69.8898
681.5906	66.9679
682.8421	65.6949
684.0937	68.7587
685.3452	71.6107
686.5967	71.1718
687.8482	73.3656
689.0997	79.6771
690.3512	70.1359
691.6027	74.0026
692.8543	73.0411
694.1058	69.9301
695.3573	68.6847
696.6088	70.0444
697.8603	72.8437
699.1118	75.673
700.3633	70.6307
701.6149	80.9357
702.8664	80.4019
704.1179	74.1531
705.3694	67.7381
706.6209	66.8414
707.8724	70.1379
709.1239	73.0422
710.3755	80.2027
711.627	78.8734
712.8785	77.5454
714.13	77.9036
715.3815	73.163
716.633	75.4218
717.8845	82.2613
719.1361	82.6824
720.3876	76.8225
721.6391	75.4183
722.8906	77.1904
724.1421	80.1962
725.3936	78.3348
726.6451	82.2646
727.8966	83.9274
729.1482	83.0398
730.3997	86.4655
731.6512	92.5063
732.9027	96.4497
734.1542	91.566
735.4057	106.0143
736.6572	109.2696
737.9088	106.2126
739.1603	111.7072
740.4118	119.8895
741.6633	120.3359
742.9148	125.9857
744.1663	138.6629
745.4178	153.7549
746.6694	149.3418
747.9209	141.515
749.1724	141.1977
750.4239	137.1997
751.6754	133.3007
752.9269	137.0111
754.1784	128.554
755.43	110.1831
756.6815	113.4762
757.933	99.4809
759.1845	97.3948
760.436	99.6705
761.6875	101.5998
762.939	99.7733
764.1906	96.5319
765.4421	99.8039
766.6936	86.9535
767.9451	91.8452
769.1966	94.9716
770.4481	88.4426
771.6996	90.4599
772.9512	90.6441
774.2027	88.2847
775.4542	89.6074
776.7057	85.0083
777.9572	78.5656
779.2087	77.4083
780.4602	82.083
781.7117	81.8349
782.9633	78.781
784.2148	77.6117
785.4663	80.8275
786.7178	84.3357
787.9693	81.6032
789.2208	78.1598
790.4723	78.7859
791.7239	86.4382
792.9754	81.7559
794.2269	82.7705
795.4784	84.1987
796.7299	81.3994
797.9814	78.8692
799.2329	80.3145
800.4845	78.316
801.736	78.2986
802.9875	74.1804
804.239	78.6383
805.4905	81.2495
806.742	78.908
807.9935	78.5194
809.2451	80.2912
810.4966	79.6636
811.7481	80.0797
812.9996	75.4017
814.2511	78.0663
815.5026	81.5634
816.7541	83.7193
818.0057	76.1453
819.2572	73.7125
820.5087	78.0736
821.7602	77.8674
823.0117	72.7329
824.2632	76.8957
825.5147	77.7906
826.7662	77.6429
828.0178	76.8535
829.2693	78.3936
830.5208	79.0413
831.7723	76.4848
833.0238	75.7495
834.2753	79.6981
835.5268	79.2906
836.7784	79.1317
838.0299	79.5796
839.2814	83.7347
840.5329	78.8565
841.7844	81.5448
843.0359	83.9511
844.2874	79.6401
845.539	77.3069
846.7905	84.2171
848.042	84.7156
849.2935	85.6123
850.545	77.7604
851.7965	79.8177
853.048	80.2728
854.2996	79.2394
855.5511	81.5098
856.8026	85.7549
858.0541	85.5392
859.3056	80.2908
860.5571	81.131
861.8086	81.312
863.0602	83.3142
864.3117	84.3836
865.5632	85.4161
866.8147	86.0997
868.0662	82.0685
869.3177	81.695
870.5692	86.1837
871.8208	78.5546
873.0723	92.2211
874.3238	78.2927
875.5753	90.1713
876.8268	87.4065
878.0783	89.7422
879.3298	94.0301
880.5813	94.4597
881.8329	94.4046
883.0844	95.8047
884.3359	91.3179
885.5874	91.6301
886.8389	97.0341
888.0904	92.1863
889.3419	88.5251
890.5935	89.5762
891.845	98.75
893.0965	100.9886
894.348	95.7462
895.5995	99.7678
896.851	113.464
898.1025	123.5002
899.3541	141.78
900.6056	150.9647
901.8571	155.21
903.1086	156.2499
904.3601	167.609
905.6116	187.4984
906.8631	216.8773
908.1147	244.7721
909.3662	249.7751
910.6177	285.6519
911.8692	342.17
913.1207	498.8575
914.3722	879.0314
915.6237	1636.1008
916.8753	2541.5566
918.1268	3035.1702
919.3783	2834.2188
920.6298	2264.1865
921.8813	1823.3794
923.1328	1421.9169
924.3843	1079.3472
925.6358	797.2139
926.8874	574.4996
928.1389	425.6678
929.3904	311.2879
930.6419	245.9166
931.8934	207.2628
933.1449	177.1689
934.3964	166.5978
935.648	150.7063
936.8995	137.1689
938.151	127.8526
939.4025	128.4238
940.654	126.4993
941.9055	120.3932
943.157	114.615
944.4086	108.0643
945.6601	106.1319
946.9116	108.8428
948.1631	104.8117
949.4146	108.512
950.6661	102.6323
951.9176	108.4873
953.1692	101.4303
954.4207	102.2628
955.6722	102.5716
956.9237	101.062
958.1752	103.8865
959.4267	107.0119
960.6782	102.5446
961.9298	100.9432
963.1813	107.8334
964.4328	100.3972
965.6843	90.4167
966.9358	91.8187
968.1873	96.0485
969.4388	102.0677
970.6904	102.863
971.9419	98.4547
973.1934	94.4659
974.4449	92.8393
975.6964	94.6955
976.9479	101.4175
978.1994	92.1568
979.4509	98.6278
980.7025	98.2922
981.954	99.1597
983.2055	94.027
984.457	92.891
985.7085	99.4897
986.96	103.4565
988.2115	99.0637
989.4631	93.621
990.7146	100.7647
991.9661	99.2181
993.2176	104.6416
994.4691	97.7821
995.7206	100.8582
996.9721	101.6996
998.2237	99.2344
999.4752	99.1102
1000.7267	100.1198
1001.9782	99.8287
1003.2297	102.9837
1004.4812	103.8725
1005.7327	97.9578
1006.9843	99.0753
1008.2358	91.0934
1009.4873	97.9197
1010.7388	102.3179
1011.9903	103.7196
1013.2418	105.3219
1014.4933	102.6183
1015.7449	99.1677
1016.9964	108.3721
1018.2479	107.4769
1019.4994	105.1967
1020.7509	103.3583
1022.0024	110.7913
1023.2539	108.1088
1024.5055	109.0068
1025.757	110.975
1027.0085	113.53
1028.26	117.9164
1029.5115	119.5279
1030.763	117.5465
1032.0145	118.043
1033.266	112.1085
1034.5176	106.8017
1035.7691	120.3698
1037.0206	125.536
1038.2721	122.5966
1039.5236	122.1444
1040.7751	122.0241
1042.0266	118.3416
1043.2782	118.1172
1044.5297	126.8681
1045.7812	129.7144
1047.0327	119.1445
1048.2842	115.7599
1049.5357	111.84
1050.7872	121.4115
1052.0388	119.8942
1053.2903	119.3516
1054.5418	115.3274
1055.7933	118.1353
1057.0448	119.7572
1058.2963	107.9543
1059.5478	110.6112
1060.7994	115.1696
1062.0509	117.9399
1063.3024	110.6241
1064.5539	110.7141
1065.8054	110.2791
1067.0569	110.9377
1068.3084	111.9051
1069.56	110.2404
1070.8115	108.7374
1072.063	107.9237
1073.3145	108.5935
1074.566	116.7051
1075.8175	111.3504
1077.069	108.7635
1078.3205	104.4533
1079.5721	101.3287
1080.8236	101.0452
1082.0751	109.9449
1083.3266	109.1683
1084.5781	106.4846
1085.8296	102.3827
1087.0811	98.2684
1088.3327	103.0582
1089.5842	106.2463
1090.8357	111.2977
1092.0872	110.9741
1093.3387	103.6309
1094.5902	107.9838
1095.8417	103.0141
1097.0933	106.4875
1098.3448	103.0381
1099.5963	103.5322
1100.8478	107.0952
1102.0993	103.4687
1103.3508	101.8561
1104.6023	111.6087
1105.8539	107.3394
1107.1054	105.4039
1108.3569	107.4095
1109.6084	103.2078
1110.8599	97.5883
1112.1114	97.7533
1113.3629	107.2391
1114.6145	109.1428
1115.866	104.9481
1117.1175	105.693
1118.369	106.833
1119.6205	99.8715
1120.872	95.7615
1122.1235	91.9364
1123.3751	113.4577
1124.6266	114.8779
1125.8781	96.3873
1127.1296	98.7496
1128.3811	102.6612
1129.6326	99.5205
1130.8841	98.8058
1132.1356	99.1486
1133.3872	101.1684
1134.6387	106.5223
1135.8902	103.841
1137.1417	105.4255
1138.3932	102.407
1139.6447	95.309
1140.8962	91.081
1142.1478	92.8303
1143.3993	97.2474
1144.6508	95.2979
1145.9023	103.9976
1147.1538	102.5591
1148.4053	97.7839
1149.6568	100.7389
1150.9084	98.0119
1152.1599	99.7176
1153.4114	99.6902
1154.6629	101.8616
1155.9144	92.8972
1157.1659	96.82
1158.4174	98.5437
1159.669	101.2629
1160.9205	103.4461
1162.172	103.6344
1163.4235	105.5137
1164.675	105.2118
1165.9265	101.9354
1167.178	103.9594
1168.4296	106.3448
1169.6811	94.1661
1170.9326	99.5984
1172.1841	99.3223
1173.4356	100.2097
1174.6871	106.8262
1175.9386	100.5193
1177.1901	100.3098
1178.4417	100.4025
1179.6932	103.568
1180.9447	103.208
1182.1962	100.2853
1183.4477	100.1275
1184.6992	95.9874
1185.9507	99.1089
1187.2023	104.2527
1188.4538	105.6374
1189.7053	106.751
1190.9568	102.4672
1192.2083	103.8103
1193.4598	110.1099
1194.7113	106.4448
1195.9629	100.9988
1197.2144	99.3179
1198.4659	101.2618
1199.7174	104.2847
1200.9689	102.4491
1202.2204	98.7668
1203.4719	108.3425
1204.7235	101.172
1205.975	108.5964
1207.2265	110.1913
1208.478	103.0598
1209.7295	95.1766
1210.981	102.5415
1212.2325	102.6798
1213.4841	103.1666
1214.7356	104.373
1215.9871	100.9436
1217.2386	100.9559
1218.4901	104.8498
1219.7416	98.2408
1220.9931	101.0139
1222.2447	107.8277
1223.4962	101.3293
1224.7477	100.3899
1225.9992	105.2907
1227.2507	102.7319
1228.5022	99.6663
1229.7537	102.3775
1231.0052	99.583
1232.2568	100.7856
1233.5083	104.573
1234.7598	101.6564
1236.0113	99.0535
1237.2628	102.0845
1238.5143	106.0439
1239.7658	105.3047
1241.0174	111.8892
1242.2689	102.5796
1243.5204	102.5586
1244.7719	108.084
1246.0234	108.42
1247.2749	109.1341
1248.5264	113.281
1249.778	113.4447
1251.0295	113.5146
1252.281	113.8695
1253.5325	111.5879
1254.784	112.7119
1256.0355	115.9054
1257.287	121.1659
1258.5386	115.5243
1259.7901	121.1236
1261.0416	136.6978
1262.2931	135.6515
1263.5446	128.5225
1264.7961	123.1564
1266.0476	115.3567
1267.2992	106.5431
1268.5507	112.8277
1269.8022	117.9844
1271.0537	115.0164
1272.3052	113.9821
1273.5567	110.859
1274.8082	116.8079
1276.0597	114.2427
1277.3113	123.5948
1278.5628	127.2613
1279.8143	119.7891
1281.0658	123.6797
1282.3173	125.9182
1283.5688	125.0492
1284.8203	124.7529
1286.0719	123.5923
1287.3234	122.6436
1288.5749	124.7312
1289.8264	128.8674
1291.0779	131.0566
1292.3294	129.2258
1293.5809	127.6914
1294.8325	132.1817
1296.084	123.0625
1297.3355	131.8344
1298.587	132.3027
1299.8385	134.5815
1301.09	127.2376
1302.3415	140.9942
1303.5931	138.8815
1304.8446	132.9246
1306.0961	133.7663
1307.3476	137.9823
1308.5991	137.8958
1309.8506	138.108
1311.1021	144.3297
1312.3537	145.7058
1313.6052	140.5138
1314.8567	146.6679
1316.1082	146.2136
1317.3597	150.3003
1318.6112	149.6419
1319.8627	152.5037
1321.1143	154.9188
1322.3658	157.6369
1323.6173	155.8045
1324.8688	151.5409
1326.1203	159.6249
1327.3718	164.4531
1328.6233	161.6395
1329.8748	163.1838
1331.1264	169.4045
1332.3779	172.1548
1333.6294	171.2001
1334.8809	178.4033
1336.1324	182.1572
1337.3839	181.1703
1338.6354	188.2199
1339.887	185.5367
1341.1385	186.4439
1342.39	188.394
1343.6415	195.3111
1344.893	190.6966
1346.1445	191.1978
1347.396	198.4337
1348.6476	209.9558
1349.8991	216.6427
1351.1506	221.489
1352.4021	228.2576
1353.6536	224.7997
1354.9051	230.5237
1356.1566	244.3961
1357.4082	244.6544
1358.6597	268.6928
1359.9112	282.5381
1361.1627	300.35
1362.4142	327.1512
1363.6657	342.9768
1364.9172	375.0584
1366.1688	410.4327
1367.4203	453.8545
1368.6718	517.7806
1369.9233	602.9219
1371.1748	714.0031
1372.4263	840.8824
1373.6778	969.8092
1374.9294	1086.2781
1376.1809	1126.7256
1377.4324	1068.9727
1378.6839	977.6487
1379.9354	870.3682
1381.1869	747.6304
1382.4384	649.2084
1383.6899	577.059
1384.9415	539.6293
1386.193	472.2621
1387.4445	446.9255
1388.696	423.9284
1389.9475	415.1127
1391.199	403.641
1392.4505	390.7669
1393.7021	381.6633
1394.9536	374.5393
1396.2051	379.761
1397.4566	382.3312
1398.7081	361.697
1399.9596	361.2983
1401.2111	361.5856
1402.4627	364.496
1403.7142	376.305
1404.9657	375.5317
1406.2172	354.751
1407.4687	368.8307
1408.7202	367.3656
1409.9717	393.0223
1411.2233	385.6259
1412.4748	384.69
1413.7263	383.6237
1414.9778	379.6777
1416.2293	381.2746
1417.4808	386.1262
1418.7323	386.441
1419.9839	385.3297
1421.2354	385.6204
1422.4869	369.3001
1423.7384	385.9096
1424.9899	361.7964
1426.2414	381.4624
1427.4929	375.7678
1428.7444	369.6095
1429.996	368.3965
1431.2475	373.4235
1432.499	384.7195
1433.7505	391.6615
1435.002	383.4805
1436.2535	397.0793
1437.505	399.8506
1438.7566	399.5792
1440.0081	411.2074
1441.2596	419.45
1442.5111	414.992
1443.7626	405.7032
1445.0141	407.9238
1446.2656	424.7488
1447.5172	432.2151
1448.7687	443.351
1450.0202	436.8245
1451.2717	441.0339
1452.5232	415.8456
1453.7747	430.8784
1455.0262	406.2248
1456.2778	407.6516
1457.5293	393.2823
1458.7808	399.9616
1460.0323	387.0625
1461.2838	371.4088
1462.5353	369.3891
1463.7868	352.2859
1465.0384	338.4673
1466.2899	338.0833
1467.5414	331.3322
1468.7929	320.0655
1470.0444	308.4052
1471.2959	301.9141
1472.5474	298.7003
1473.799	291.146
1475.0505	292.8179
1476.302	291.4923
1477.5535	273.5877
1478.805	272.3322
1480.0565	275.8384
1481.308	278.7568
1482.5595	265.5355
1483.8111	265.9634
1485.0626	262.7356
1486.3141	257.847
1487.5656	255.2178
1488.8171	255.3372
1490.0686	254.4319
1491.3201	257.1334
1492.5717	247.6327
1493.8232	237.3092
1495.0747	240.5986
1496.3262	232.8559
1497.5777	229.6726
1498.8292	231.4119
1500.0807	238.1692
1501.3323	237.8321
1502.5838	238.544
1503.8353	232.8515
1505.0868	224.6393
1506.3383	226.9158
1507.5898	229.1321
1508.8413	217.2252
1510.0929	225.3267
1511.3444	226.1371
1512.5959	222.326
1513.8474	217.0619
1515.0989	219.7733
1516.3504	224.6844
1517.6019	222.3423
1518.8535	218.2687
1520.105	219.5691
1521.3565	216.6685
1522.608	213.7651
1523.8595	217.5349
1525.111	210.1735
1526.3625	203.7013
1527.614	207.8814
1528.8656	216.691
1530.1171	213.8933
1531.3686	201.0863
1532.6201	210.8075
1533.8716	202.2202
1535.1231	210.552
1536.3746	202.7411
1537.6262	197.8478
1538.8777	196.4701
1540.1292	200.3319
1541.3807	192.9387
1542.6322	198.9597
1543.8837	199.6012
1545.1352	197.0422
1546.3868	197.5002
1547.6383	188.7334
1548.8898	181.2202
1550.1413	190.8201
1551.3928	196.32
1552.6443	194.0273
1553.8958	199.0183
1555.1474	194.5895
1556.3989	188.9828
1557.6504	185.7565
1558.9019	190.6686
1560.1534	188.1685
1561.4049	183.4279
1562.6564	174.3406
1563.908	174.9146
1565.1595	182.5949
1566.411	178.4958
1567.6625	174.9124
1568.914	173.9125
1570.1655	177.186
1571.417	171.7911
1572.6686	171.4659
1573.9201	169.9997
1575.1716	164.6983
1576.4231	166.0046
1577.6746	168.0007
1578.9261	166.1044
1580.1776	163.9187
1581.4291	165.3071
1582.6807	164.3018
1583.9322	165.0695
1585.1837	166.8591
1586.4352	159.3875
1587.6867	156.8654
1588.9382	158.3978
1590.1897	162.6865
1591.4413	157.6273
1592.6928	151.1979
1593.9443	149.6243
1595.1958	158.2318
1596.4473	147.6954
1597.6988	150.8733
1598.9503	147.3009
1600.2019	148.6337
1601.4534	147.3985
1602.7049	151.2387
1603.9564	148.2295
1605.2079	134.8388
1606.4594	144.1036
1607.7109	143.7166
1608.9625	141.6069
1610.214	146.9893
1611.4655	142.4285
1612.717	137.612
1613.9685	134.785
1615.22	139.9649
1616.4715	146.0693
1617.7231	146.2422
1618.9746	143.7686
1620.2261	138.474
1621.4776	135.5813
1622.7291	135.9706
1623.9806	138.2358
1625.2321	129.7483
1626.4836	130.7413
1627.7352	139.4116
1628.9867	135.1129
1630.2382	138.9359
1631.4897	130.2993
1632.7412	132.3827
1633.9927	135.7514
1635.2442	135.9481
1636.4958	134.8216
1637.7473	135.8325
1638.9988	135.8473
1640.2503	135.0562
1641.5018	132.9197
1642.7533	132.2468
1644.0048	134.0013
1645.2564	140.3513
1646.5079	139.8213
1647.7594	133.5418
1649.0109	137.3369
1650.2624	137.4328
1651.5139	132.4299
1652.7654	132.9655
1654.017	139.0287
1655.2685	135.8513
1656.52	132.265
1657.7715	133.6123
1659.023	133.1399
1660.2745	128.7479
1661.526	129.9837
1662.7776	131.88
1664.0291	127.6749
1665.2806	125.8068
1666.5321	126.654
1667.7836	124.5782
1669.0351	132.1664
1670.2866	132.4594
1671.5382	136.5714
1672.7897	125.527
1674.0412	125.1834
1675.2927	128.1777
1676.5442	133.4245
1677.7957	136.4702
1679.0472	134.9506
1680.2987	131.1987
1681.5503	129.9549
1682.8018	131.2872
1684.0533	133.9371
1685.3048	129.3707
1686.5563	128.5224
1687.8078	127.5312
1689.0593	126.8926
1690.3109	132.4354
1691.5624	139.3296
1692.8139	135.4619
1694.0654	133.7611
1695.3169	138.0399
1696.5684	137.1242
1697.8199	134.4817
1699.0715	130.1524
1700.323	126.261
1701.5745	127.7007
1702.826	132.8447
1704.0775	137.6147
1705.329	131.8566
1706.5805	127.7768
1707.8321	129.8687
1709.0836	131.6439
1710.3351	133.5037
1711.5866	125.0206
1712.8381	133.8477
1714.0896	136.2782
1715.3411	129.0661
1716.5927	126.6295
1717.8442	135.9778
1719.0957	141.8882
1720.3472	133.5639
1721.5987	129.067
1722.8502	134.2982
1724.1017	134.4413
1725.3532	136.0659
1726.6048	134.6602
1727.8563	136.0586
1729.1078	137.9306
1730.3593	128.0714
1731.6108	127.3865
1732.8623	131.9464
1734.1138	132.5151
1735.3654	126.26
1736.6169	124.1911
1737.8684	134.3548
1739.1199	137.1669
1740.3714	133.3909
1741.6229	134.1248
1742.8744	133.7668
1744.126	131.4753
1745.3775	136.7363
1746.629	134.5911
1747.8805	130.7811
1749.132	134.197
1750.3835	136.8037
1751.635	140.1119
1752.8866	133.4413
1754.1381	135.4806
1755.3896	135.5717
1756.6411	134.7637
1757.8926	121.8073
1759.1441	136.1269
1760.3956	134.7219
1761.6472	136.0303
1762.8987	141.3343
1764.1502	141.9081
1765.4017	133.7848
1766.6532	134.693
1767.9047	136.7005
1769.1562	138.4102
1770.4078	137.1123
1771.6593	143.0349
1772.9108	134.7394
1774.1623	137.8031
1775.4138	142.3037
1776.6653	134.9469
1777.9168	143.0599
1779.1683	143.7773
1780.4199	141.2828
1781.6714	143.8791
1782.9229	145.9456
1784.1744	141.1716
1785.4259	141.3991
1786.6774	148.9844
1787.9289	147.2471
1789.1805	143.1935
1790.432	140.0234
1791.6835	135.6027
1792.935	143.2025
1794.1865	141.7717
1795.438	132.7236
1796.6895	136.3014
1797.9411	136.0693
1799.1926	134.171
1800.4441	139.1589
1801.6956	150.0742
1802.9471	142.3489
1804.1986	136.8952
1805.4501	140.6399
1806.7017	149.3687
1807.9532	146.2153
1809.2047	152.4631
1810.4562	136.5069
1811.7077	142.3797
1812.9592	148.1982
1814.2107	152.9114
1815.4623	150.6725
1816.7138	154.9143
1817.9653	145.8165
1819.2168	150.6694
1820.4683	150.816
1821.7198	154.1142
1822.9713	157.5739
1824.2229	165.4709
1825.4744	170.0271
1826.7259	171.739
1827.9774	167.1441
1829.2289	157.3454
1830.4804	159.9553
1831.7319	156.9869
1832.9834	163.1163
1834.235	161.1355
1835.4865	158.8058
1836.738	151.4784
1837.9895	149.9428
1839.241	150.1362
1840.4925	146.7682
1841.744	145.5813
1842.9956	149.2738
1844.2471	151.1731
1845.4986	150.0761
1846.7501	146.4013
1848.0016	143.1411
1849.2531	143.8835
1850.5046	142.5343
1851.7562	141.1796
1853.0077	143.3441
1854.2592	142.9531
1855.5107	136.572
1856.7622	136.4172
1858.0137	151.6647
1859.2652	151.9474
1860.5168	144.3239
1861.7683	147.2546
1863.0198	145.7488
1864.2713	152.7262
1865.5228	149.7657
1866.7743	149.1371
1868.0258	144.9243
1869.2774	146.4524
1870.5289	141.9735
1871.7804	144.3956
1873.0319	152.8639
1874.2834	147.2964
1875.5349	142.3559
1876.7864	134.9932
1878.0379	143.2339
1879.2895	143.5983
1880.541	142.9138
1881.7925	151.5984
1883.044	152.5293
1884.2955	146.0974
1885.547	140.2209
1886.7985	149.5058
1888.0501	144.5747
1889.3016	151.4598
1890.5531	145.0625
1891.8046	146.9207
1893.0561	150.3378
1894.3076	137.6818
1895.5591	140.8826
1896.8107	142.8416
1898.0622	148.8925
1899.3137	139.7603
1900.5652	139.0939
1901.8167	139.877
1903.0682	146.8737
1904.3197	147.5484
1905.5713	149.4218
1906.8228	141.6978
1908.0743	137.5408
1909.3258	145.6655
1910.5773	145.9597
1911.8288	139.6285
1913.0803	144.8917
1914.3319	140.9249
1915.5834	136.7431
1916.8349	137.5781
1918.0864	138.7539
1919.3379	141.9622
1920.5894	143.7366
1921.8409	141.5447
1923.0925	148.1102
1924.344	151.9877
1925.5955	152.4827
1926.847	148.1767
1928.0985	146.2326
1929.35	144.1445
1930.6015	143.6448
1931.853	142.8166
1933.1046	137.1331
1934.3561	149.5052
1935.6076	148.8031
1936.8591	140.9775
1938.1106	143.3632
1939.3621	143.9301
1940.6136	142.6051
1941.8652	144.3115
1943.1167	146.6108
1944.3682	144.4143
1945.6197	147.7116
1946.8712	145.2761
1948.1227	145.1449
1949.3742	146.5849
1950.6258	148.1011
1951.8773	151.8483
1953.1288	151.7875
1954.3803	148.7011
1955.6318	142.1707
1956.8833	143.619
1958.1348	150.1611
1959.3864	156.0975
1960.6379	150.4386
1961.8894	147.021
1963.1409	148.0941
1964.3924	155.5616
1965.6439	156.1598
1966.8954	154.6249
1968.147	159.7847
1969.3985	151.8851
1970.65	152.7247
1971.9015	154.1299
1973.153	154.1154
1974.4045	155.9082
1975.656	150.2126
1976.9075	146.0189
1978.1591	150.202
1979.4106	156.3317
1980.6621	154.7035
1981.9136	146.5099
1983.1651	141.7024
1984.4166	150.0613
1985.6681	153.1625
1986.9197	145.7834
1988.1712	144.6017
1989.4227	148.6162
1990.6742	147.9147
1991.9257	144.0459
1993.1772	144.5807
1994.4287	147.1314
1995.6803	153.7281
1996.9318	148.225
1998.1833	149.9744
1999.4348	146.4283
2000.6863	140.0358
2001.9378	147.9346
2003.1893	155.2959
2004.4409	155.4557
2005.6924	154.7804
2006.9439	153.0754
2008.1954	148.5688
2009.4469	143.3029
2010.6984	146.2239
2011.9499	158.3424
2013.2015	143.7399
2014.453	153.8637
2015.7045	159.9713
2016.956	155.7556
2018.2075	153.745
2019.459	152.0595
2020.7105	155.8433
2021.9621	152.0534
2023.2136	154.9741
2024.4651	153.3159
2025.7166	150.9206
2026.9681	155.1188
2028.2196	150.1708
2029.4711	152.7981
2030.7226	159.7506
2031.9742	144.9691
2033.2257	146.5275
2034.4772	147.3627
2035.7287	161.4988
2036.9802	151.5677
2038.2317	162.4069
2039.4832	159.5181
2040.7348	157.5379
2041.9863	151.6199
2043.2378	157.5496
2044.4893	158.8369
2045.7408	152.9394
2046.9923	157.6144
2048.2438	157.2965
2049.4954	157.6512
2050.7469	157.5979
2051.9984	155.4375
2053.2499	151.0485
2054.5014	151.4178
2055.7529	151.0167
2057.0044	155.5533
2058.256	161.0983
2059.5075	156.0081
2060.759	150.138
2062.0105	161.5662
2063.262	163.0405
2064.5135	153.3211
2065.765	152.6706
2067.0166	159.3999
2068.2681	165.8792
2069.5196	169.1498
2070.7711	158.9794
2072.0226	155.5548
2073.2741	159.6644
2074.5256	161.1659
2075.7771	163.143
2077.0287	166.6814
2078.2802	165.3487
2079.5317	158.1098
2080.7832	163.3122
2082.0347	164.4137
2083.2862	165.3133
2084.5377	164.1063
2085.7893	159.5563
2087.0408	165.0529
2088.2923	160.4455
2089.5438	155.9823
2090.7953	155.2384
2092.0468	159.6215
2093.2983	165.4682
2094.5499	158.1766
2095.8014	159.7262
2097.0529	164.7358
2098.3044	158.0962
2099.5559	165.4237
2100.8074	164.2425
2102.0589	160.3013
2103.3105	165.4625
2104.562	166.8045
2105.8135	165.9143
2107.065	162.2132
2108.3165	156.0589
2109.568	163.0944
2110.8195	173.6746
2112.0711	173.5453
2113.3226	166.3749
2114.5741	166.5069
2115.8256	166.854
2117.0771	164.3665
2118.3286	168.7178
2119.5801	168.0863
2120.8317	166.608
2122.0832	169.4486
2123.3347	165.6696
2124.5862	163.6412
2125.8377	164.6549
2127.0892	167.0341
2128.3407	161.0055
2129.5922	167.8855
2130.8438	158.3394
2132.0953	175.3481
2133.3468	176.2546
2134.5983	175.5278
2135.8498	170.8168
2137.1013	173.0151
2138.3528	168.5284
2139.6044	178.5183
2140.8559	170.5749
2142.1074	177.5363
2143.3589	154.9913
2144.6104	163.8896
2145.8619	175.4568
2147.1134	174.3807
2148.365	167.8235
2149.6165	173.666
2150.868	169.5077
2152.1195	176.3201
2153.371	179.7627
2154.6225	181.0846
2155.874	185.2846
2157.1256	183.0562
2158.3771	165.9526
2159.6286	177.6063
2160.8801	177.5167
2162.1316	182.0431
2163.3831	184.6286
2164.6346	176.06
2165.8862	177.3721
2167.1377	176.8438
2168.3892	186.2846
2169.6407	183.1153
2170.8922	186.3156
2172.1437	190.8427
2173.3952	189.9805
2174.6468	189.293
2175.8983	187.7583
2177.1498	198.2146
2178.4013	204.4166
2179.6528	192.6116
2180.9043	202.1013
2182.1558	200.625
2183.4073	197.7964
2184.6589	195.1852
2185.9104	198.7686
2187.1619	195.9616
2188.4134	205.0666
2189.6649	212.664
2190.9164	202.7348
2192.1679	206.7377
2193.4195	215.3614
2194.671	223.5019
2195.9225	229.4575
2197.174	242.8122
2198.4255	254.7418
2199.677	266.2478
2200.9285	289.0071
2202.1801	308.9682
2203.4316	336.2609
2204.6831	379.6525
2205.9346	446.8465
2207.1861	469.017
2208.4376	408.5107
2209.6891	335.9164
2210.9407	282.7323
2212.1922	254.0522
2213.4437	261.1479
2214.6952	257.5921
2215.9467	264.9225
2217.1982	261.6064
2218.4497	272.774
2219.7013	284.4751
2220.9528	289.1902
2222.2043	292.4632
2223.4558	304.5356
2224.7073	317.5949
2225.9588	344.1144
2227.2103	351.5676
2228.4618	394.1952
2229.7134	437.7071
2230.9649	465.7653
2232.2164	457.9832
2233.4679	461.1664
2234.7194	485.4656
2235.9709	523.1806
2237.2224	591.5186
2238.474	683.4088
2239.7255	797.4535
2240.977	958.9374
2242.2285	1186.725
2243.48	1517.9545
2244.7315	1934.2999
2245.983	2543.2307
2247.2346	3448.7383
2248.4861	4681.9727
2249.7376	6319.4863
2250.9891	8446.6094
2252.2406	10872.2246
2253.4921	13573.8193
2254.7436	16538.2891
2255.9952	18137.8887
2257.2467	15691.6396
2258.4982	10378.1406
2259.7497	5894.4468
2261.0012	3478.3516
2262.2527	2327.1255
2263.5042	1709.4158
2264.7558	1353.6779
2266.0073	1108.1931
2267.2588	967.5895
2268.5103	881.0416
2269.7618	814.6646
2271.0133	769.7336
2272.2648	712.5868
2273.5164	676.5558
2274.7679	661.5138
2276.0194	637.7729
2277.2709	604.3287
2278.5224	582.9001
2279.7739	553.0273
2281.0254	585.412
2282.2769	596.2188
2283.5285	604.7623
2284.78	639.9846
2286.0315	674.8527
2287.283	757.954
2288.5345	817.71
2289.786	911.9663
2291.0375	1060.9812
2292.2891	1239.849
2293.5406	1434.3612
2294.7921	1602.5808
2296.0436	1664.6637
2297.2951	1594.1859
2298.5466	1426.6313
2299.7981	1172.2573
2301.0497	981.5897
2302.3012	807.9375
2303.5527	673.7957
2304.8042	579.2719
2306.0557	517.7557
2307.3072	469.2191
2308.5587	421.4878
2309.8103	390.1187
2311.0618	368.0076
2312.3133	338.9591
2313.5648	327.5542
2314.8163	326.3962
2316.0678	316.2299
2317.3193	302.8165
2318.5709	291.0297
2319.8224	282.5174
2321.0739	271.919
2322.3254	269.1275
2323.5769	284.6209
2324.8284	275.9585
2326.0799	262.6856
2327.3314	259.5277
2328.583	271.4026
2329.8345	263.102
2331.086	263.8456
2332.3375	237.086
2333.589	245.2167
2334.8405	237.4631
2336.092	251.0638
2337.3436	252.6055
2338.5951	245.0722
2339.8466	254.1615
2341.0981	257.6183
2342.3496	252.2648
2343.6011	258.0807
2344.8526	253.3049
2346.1042	245.4536
2347.3557	245.2783
2348.6072	239.6518
2349.8587	237.1496
2351.1102	243.7225
2352.3617	240.365
2353.6132	229.0866
2354.8648	230.5037
2356.1163	239.4959
2357.3678	230.833
2358.6193	229.4277
2359.8708	220.0417
2361.1223	214.9558
2362.3738	215.8258
2363.6254	214.1085
2364.8769	210.2824
2366.1284	209.9683
2367.3799	196.5429
2368.6314	211.6749
2369.8829	217.0939
2371.1344	222.709
2372.386	219.9454
2373.6375	198.3329
2374.889	208.2321
2376.1405	213.8407
2377.392	220.5695
2378.6435	221.027
2379.895	213.5874
2381.1465	214.2774
2382.3981	218.789
2383.6496	220.5447
2384.9011	211.4653
2386.1526	207.8781
2387.4041	209.9823
2388.6556	209.9823
2389.9071	216.326
2391.1587	214.2776
2392.4102	218.6104
2393.6617	220.0773
2394.9132	219.9728
2396.1647	219.971
2397.4162	219.3553
2398.6677	228.5848
2399.9193	230.966
2401.1708	227.1129
2402.4223	205.9737
2403.6738	232.1273
2404.9253	241.3066
2406.1768	220.4989
2407.4283	219.6296
2408.6799	224.1519
2409.9314	228.4686
2411.1829	227.959
2412.4344	221.2916
2413.6859	232.9702
2414.9374	236.1647
2416.1889	234.1665
2417.4405	227.4726
2418.692	221.5746
2419.9435	223.5575
2421.195	228.8569
2422.4465	231.2107
2423.698	227.8994
2424.9495	234.5128
2426.201	216.7707
2427.4526	218.2622
2428.7041	217.1375
2429.9556	232.8768
2431.2071	207.0558
2432.4586	218.9865
2433.7101	200.4263
2434.9616	215.8994
2436.2132	222.8553
2437.4647	225.5631
2438.7162	222.9468
2439.9677	228.8669
2441.2192	218.9155
2442.4707	208.1608
2443.7222	213.6489
2444.9738	217.6351
2446.2253	221.3021
2447.4768	223.9396
2448.7283	218.0868
2449.9798	217.6448
2451.2313	222.3408
2452.4828	219.4935
2453.7344	212.3932
2454.9859	210.9514
2456.2374	211.855
2457.4889	213.8181
2458.7404	213.02
2459.9919	207.8827
2461.2434	218.4799
2462.495	228.2076
2463.7465	233.0268
2464.998	222.7026
2466.2495	225.6316
2467.501	219.6653
2468.7525	221.6935
2470.004	218.475
2471.2556	219.3054
2472.5071	225.7528
2473.7586	228.2097
2475.0101	223.2177
2476.2616	228.0059
2477.5131	228.4573
2478.7646	211.7947
2480.0161	210.9589
2481.2677	215.3547
2482.5192	225.6467
2483.7707	224.3587
2485.0222	227.5619
2486.2737	222.874
2487.5252	227.4811
2488.7767	213.4943
2490.0283	221.5042
2491.2798	233.4826
2492.5313	218.0943
2493.7828	208.7929
2495.0343	212.1725
2496.2858	220.2774
2497.5373	215.6247
2498.7889	227.719
2500.0404	229.3141
2501.2919	218.3951
2502.5434	212.3071
2503.7949	213.6918
2505.0464	219.0343
2506.2979	230.1596
2507.5495	232.7391
2508.801	211.8586
2510.0525	212.4819
2511.304	220.6099
2512.5555	212.1587
2513.807	214.3747
2515.0585	197.7625
2516.3101	213.042
2517.5616	205.6239
2518.8131	206.186
2520.0646	215.2697
2521.3161	205.8985
2522.5676	199.0621
2523.8191	212.2454
2525.0706	212.1157
2526.3222	199.0932
2527.5737	204.8067
2528.8252	214.8614
2530.0767	220.0168
2531.3282	207.8905
2532.5797	213.9958
2533.8312	203.9391
2535.0828	214.6
2536.3343	213.759
2537.5858	215.022
2538.8373	224.7589
2540.0888	204.6486
2541.3403	202.2831
2542.5918	211.9021
2543.8434	211.3367
2545.0949	213.5643
2546.3464	210.3052
2547.5979	212.2594
2548.8494	210.9703
2550.1009	202.5384
2551.3524	202.3917
2552.604	200.6377
2553.8555	207.7948
2555.107	211.0342
2556.3585	212.6437
2557.61	204.1016
2558.8615	213.8492
2560.113	210.3404
2561.3646	210.2561
2562.6161	201.0029
2563.8676	207.1435
2565.1191	205.9198
2566.3706	202.0811
2567.6221	207.5449
2568.8736	212.5991
2570.1252	207.5859
2571.3767	205.1013
2572.6282	213.6615
2573.8797	207.3579
2575.1312	205.9798
2576.3827	210.3815
2577.6342	213.7734
2578.8857	201.4489
2580.1373	203.4649
2581.3888	207.5709
2582.6403	214.8652
2583.8918	217.0023
2585.1433	208.4763
2586.3948	218.1158
2587.6463	218.1823
2588.8979	214.4002
2590.1494	201.5401
2591.4009	212.6637
2592.6524	219.0429
2593.9039	212.8135
2595.1554	214.8236
2596.4069	208.9758
2597.6585	214.2976
2598.91	204.1724
2600.1615	215.5914
2601.413	207.2773
2602.6645	217.5587
2603.916	220.5071
2605.1675	209.1829
2606.4191	214.411
2607.6706	209.799
2608.9221	200.7907
2610.1736	204.6069
2611.4251	204.7123
2612.6766	209.2318
2613.9281	213.9009
2615.1797	213.0106
2616.4312	214.5646
2617.6827	212.2657
2618.9342	214.683
2620.1857	216.5741
2621.4372	227.0174
2622.6887	222.3321
2623.9403	222.0368
2625.1918	216.7388
2626.4433	216.7351
2627.6948	216.7967
2628.9463	214.5445
2630.1978	220.4008
2631.4493	219.0514
2632.7008	225.489
2633.9524	216.0477
2635.2039	212.0652
2636.4554	218.7171
2637.7069	214.9525
2638.9584	219.0522
2640.2099	216.5179
2641.4614	219.8756
2642.713	221.06
2643.9645	222.1
2645.216	213.7886
2646.4675	218.3318
2647.719	216.4111
2648.9705	212.0838
2650.222	212.2116
2651.4736	214.9149
2652.7251	215.8292
2653.9766	216.6992
2655.2281	212.9089
2656.4796	222.2183
2657.7311	221.3802
2658.9826	216.051
2660.2342	213.6618
2661.4857	218.1079
2662.7372	213.277
2663.9887	223.088
2665.2402	215.3277
2666.4917	218.7898
2667.7432	220.9502
2668.9948	218.4634
2670.2463	219.0734
2671.4978	218.2552
2672.7493	225.0062
2674.0008	223.3964
2675.2523	221.9944
2676.5038	223.3644
2677.7553	217.5224
2679.0069	223.3176
2680.2584	216.5999
2681.5099	218.9854
2682.7614	221.9371
2684.0129	221.3395
2685.2644	228.2387
2686.5159	221.4194
2687.7675	222.5179
2689.019	224.2043
2690.2705	231.0401
2691.522	223.8699
2692.7735	219.4223
2694.025	231.4012
2695.2765	223.5945
2696.5281	234.8647
2697.7796	230.905
2699.0311	237.2445
2700.2826	230.737
2701.5341	232.8348
2702.7856	229.9704
2704.0371	238.4561
2705.2887	238.3186
2706.5402	251.5436
2707.7917	254.6092
2709.0432	245.9177
2710.2947	259.0947
2711.5462	249.1483
2712.7977	269.8412
2714.0493	268.4307
2715.3008	285.6968
2716.5523	292.3177
2717.8038	311.0917
2719.0553	325.3126
2720.3068	334.908
2721.5583	364.4112
2722.8099	394.1048
2724.0614	436.9301
2725.3129	462.8248
2726.5644	526.8735
2727.8159	601.5868
2729.0674	670.8726
2730.3189	727.2868
2731.5704	835.6121
2732.822	867.0717
2734.0735	884.3966
2735.325	906.8458
2736.5765	883.2826
2737.828	848.6545
2739.0795	795.1066
2740.331	740.5013
2741.5826	685.817
2742.8341	626.5822
2744.0856	581.2955
2745.3371	530.7289
2746.5886	496.9894
2747.8401	482.2354
2749.0916	458.8501
2750.3432	429.1375
2751.5947	406.8038
2752.8462	396.0242
2754.0977	376.5876
2755.3492	372.7261
2756.6007	362.5202
2757.8522	359.9496
2759.1038	350.4731
2760.3553	339.257
2761.6068	331.9225
2762.8583	336.0838
2764.1098	316.4114
2765.3613	325.616
2766.6128	310.9081
2767.8644	313.726
2769.1159	305.4172
2770.3674	308.1081
2771.6189	310.6989
2772.8704	302.5157
2774.1219	308.2846
2775.3734	303.6189
2776.6249	303.8984
2777.8765	307.694
2779.128	313.8744
2780.3795	306.0724
2781.631	296.1249
2782.8825	304.3575
2784.134	308.5246
2785.3855	292.3728
2786.6371	300.8432
2787.8886	304.3773
2789.1401	298.0733
2790.3916	300.6129
2791.6431	312.5826
2792.8946	311.1773
2794.1461	302.9556
2795.3977	288.7912
2796.6492	298.5372
2797.9007	305.5085
2799.1522	300.314
2800.4037	314.677
2801.6552	299.4256
2802.9067	315.1851
2804.1583	315.6115
2805.4098	318.6367
2806.6613	319.9047
2807.9128	323.0732
2809.1643	322.548
2810.4158	320.7423
2811.6673	316.0239
2812.9189	333.4106
2814.1704	314.8113
2815.4219	323.2963
2816.6734	335.8414
2817.9249	348.6414
2819.1764	345.1083
2820.4279	357.9957
2821.6795	350.4308
2822.931	371.1443
2824.1825	393.2567
2825.434	396.6288
2826.6855	409.4883
2827.937	434.9075
2829.1885	453.1537
2830.44	458.8774
2831.6916	504.4127
2832.9431	538.4325
2834.1946	581.0994
2835.4461	617.7739
2836.6976	656.8994
2837.9491	688.4881
2839.2006	733.9523
2840.4522	752.7748
2841.7037	770.175
2842.9552	804.8324
2844.2067	822.7228
2845.4582	822.1884
2846.7097	794.3241
2847.9612	802.7771
2849.2128	769.7503
2850.4643	764.0955
2851.7158	771.1764
2852.9673	752.4366
2854.2188	752.4557
2855.4703	756.1865
2856.7218	759.5173
2857.9734	755.2171
2859.2249	806.4786
2860.4764	806.9162
2861.7279	805.1659
2862.9794	833.5458
2864.2309	857.2949
2865.4824	875.3791
2866.734	910.7906
2867.9855	946.1764
2869.237	973.8503
2870.4885	982.0082
2871.74	1035.3269
2872.9915	1066.2081
2874.243	1076.917
2875.4945	1137.5367
2876.7461	1137.9932
2877.9976	1178.4532
2879.2491	1180.1075
2880.5006	1188.2743
2881.7521	1207.6436
2883.0036	1238.1927
2884.2551	1227.9923
2885.5067	1224.2063
2886.7582	1207.7969
2888.0097	1150.615
2889.2612	1204.2754
2890.5127	1170.1345
2891.7642	1134.5973
2893.0157	1127.4471
2894.2673	1110.2814
2895.5188	1132.5227
2896.7703	1130.3643
2898.0218	1134.8665
2899.2733	1156.3307
2900.5248	1137.025
2901.7763	1140.9414
2903.0279	1178.0596
2904.2794	1154.9279
2905.5309	1182.592
2906.7824	1191.3766
2908.0339	1190.6189
2909.2854	1228.8737
2910.5369	1266.0389
2911.7885	1291.6437
2913.04	1358.6582
2914.2915	1379.6406
2915.543	1409.0349
2916.7945	1464.7827
2918.046	1531.7006
2919.2975	1610.7534
2920.5491	1717.387
2921.8006	1866.0303
2923.0521	1972.1884
2924.3036	2112.009
2925.5551	2319.1755
2926.8066	2514.2625
2928.0581	2747.1816
2929.3096	3143.2688
2930.5612	3546.5598
2931.8127	4154.248
2933.0642	4926.7905
2934.3157	6049.8057
2935.5672	7552.7939
2936.8187	9648.0391
2938.0702	12638.5918
2939.3218	17218.2207
2940.5733	23680.623
2941.8248	32263.0527
2943.0763	41023.2539
2944.3278	45266.3438
2945.5793	41372.1172
2946.8308	32152.3848
2948.0824	22801.9277
2949.3339	16007.6826
2950.5854	11472.2266
2951.8369	8471.2979
2953.0884	6534.3276
2954.3399	5228.6357
2955.5914	4335.8701
2956.843	3639.0527
2958.0945	3163.5015
2959.346	2786.1816
2960.5975	2517.0552
2961.849	2305.4351
2963.1005	2128.4941
2964.352	1987.1572
2965.6036	1889.5845
2966.8551	1797.2059
2968.1066	1724.2634
2969.3581	1679.4623
2970.6096	1611.2543
2971.8611	1577.2073
2973.1126	1576.8048
2974.3642	1540.8015
2975.6157	1541.3789
2976.8672	1531.5034
2978.1187	1553.6967
2979.3702	1595.2368
2980.6217	1600.1169
2981.8732	1603.0056
2983.1247	1639.1702
2984.3763	1673.6626
2985.6278	1724.6001
2986.8793	1778.0747
2988.1308	1818.6688
2989.3823	1880.6669
2990.6338	1935.1814
2991.8853	2010.192
2993.1369	2102.4014
2994.3884	2206.6018
2995.6399	2279.8435
2996.8914	2369.8525
2998.1429	2429.1946
2999.3944	2469.4968
3000.6459	2512.3835
3001.8975	2572.6482
3003.149	2614.0469
3004.4005	2605.198
3005.652	2634.134
3006.9035	2613.627
3008.155	2548.7063
3009.4065	2426.1843
3010.6581	2406.5842
3011.9096	2316.4114
3013.1611	2209.0347
3014.4126	2142.9617
3015.6641	2044.8555
3016.9156	1969.422
3018.1671	1884.4979
3019.4187	1850.3035
3020.6702	1753.9286
3021.9217	1714.5247
3023.1732	1635.9602
3024.4247	1584.9462
3025.6762	1520.2168
3026.9277	1466.2284
3028.1792	1412.1533
3029.4308	1388.7683
3030.6823	1336.3348
3031.9338	1306.3751
3033.1853	1250.8895
3034.4368	1231.7825
3035.6883	1199.7596
3036.9398	1171.1246
3038.1914	1162.1229
3039.4429	1123.2184
3040.6944	1107.0734
3041.9459	1081.8689
3043.1974	1048.2748
3044.4489	1053.3971
3045.7004	1054.8916
3046.952	1036.2137
3048.2035	1005.2538
3049.455	985.184
3050.7065	990.0561
3051.958	938.8565
3053.2095	957.2319
3054.461	939.8574
3055.7126	956.0704
3056.9641	900.612
3058.2156	889.8991
3059.4671	876.6075
3060.7186	868.4514
3061.9701	873.7621
3063.2216	865.3381
3064.4732	852.3715
3065.7247	877.3064
3066.9762	846.6558
3068.2277	848.7294
3069.4792	832.5366
3070.7307	827.7645
3071.9822	816.8447
3073.2338	824.2952
3074.4853	834.5692
3075.7368	816.2664
3076.9883	778.8096
3078.2398	787.6936
3079.4913	796.4147
3080.7428	796.272
3081.9943	784.1685
3083.2459	790.4785
3084.4974	784.5474
3085.7489	764.0992
3087.0004	766.7591
3088.2519	771.9075
3089.5034	763.4669
3090.7549	737.3939
3092.0065	754.8906
3093.258	740.9387
3094.5095	732.9532
3095.761	722.4998
3097.0125	702.0331
3098.264	691.4117
3099.5155	677.1499
3100.7671	706.4534
3102.0186	703.9435
3103.2701	671.0944
3104.5216	684.4127
3105.7731	690.5862
3107.0246	669.1732
3108.2761	661.0106
3109.5277	653.4127
3110.7792	671.3194
3112.0307	644.0146
3113.2822	650.2645
3114.5337	637.3364
3115.7852	635.2142
3117.0367	626.5708
3118.2883	612.6533
3119.5398	594.1525
3120.7913	598.0587
3122.0428	589.1305
3123.2943	594.1589
3124.5458	592.4776
3125.7973	589.9014
3127.0488	587.2483
3128.3004	572.1116
3129.5519	556.9571
3130.8034	538.9405
3132.0549	544.7736
3133.3064	564.2968
3134.5579	542.0312
3135.8094	538.2963
3137.061	547.1848
3138.3125	537.1318
3139.564	541.2051
3140.8155	532.5547
3142.067	528.3704
3143.3185	522.3307
3144.57	495.5386
3145.8216	507.1764
3147.0731	504.8323
3148.3246	497.3193
3149.5761	496.3939
3150.8276	498.6826
3152.0791	489.2035
3153.3306	477.2296
3154.5822	486.804
3155.8337	478.7425
3157.0852	506.7132
3158.3367	487.137
3159.5882	463.8247
3160.8397	473.8062
3162.0912	469.2216
3163.3428	480.5894
3164.5943	497.066
3165.8458	519.9885
3167.0973	508.8333
3168.3488	500.1185
3169.6003	491.7854
3170.8518	476.062
3172.1034	464.0634
3173.3549	454.6041
3174.6064	454.8908
3175.8579	433.3719
3177.1094	429.6204
3178.3609	405.4247
3179.6124	414.5089
3180.8639	416.8155
3182.1155	426.9684
3183.367	409.6239
3184.6185	399.4804
3185.87	396.0243
3187.1215	409.303
3188.373	390.1474
3189.6245	396.0603
3190.8761	381.89
3192.1276	383.8169
3193.3791	392.9505
3194.6306	392.4132
3195.8821	397.2415
3197.1336	409.7996
3198.3851	389.5725
3199.6367	417.0952
3200.8882	393.6855
3202.1397	408.8819
3203.3912	434.2163
3204.6427	415.338
3205.8942	399.0815
3207.1457	417.5845
3208.3973	399.2166
3209.6488	413.6654
3210.9003	387.3053
3212.1518	379.2178
3213.4033	371.168
3214.6548	371.9535
3215.9063	364.5266
3217.1579	359.9353
3218.4094	371.4609
3219.6609	347.9391
3220.9124	341.1008
3222.1639	342.9623
3223.4154	331.2857
3224.6669	342.012
3225.9184	344.8857
3227.17	336.9136
3228.4215	345.5037
3229.673	345.2942
3230.9245	351.7263
3232.176	335.657
3233.4275	335.657
3234.679	346.6319
3235.9306	327.2213
3237.1821	311.5063
3238.4336	325.7325
3239.6851	323.6949
3240.9366	318.1922
3242.1881	317.5889
3243.4396	319.436
3244.6912	325.5466
3245.9427	305.1589
3247.1942	312.4301
3248.4457	313.1926
3249.6972	306.3346
3250.9487	310.2136
3252.2002	307.677
3253.4518	304.0548
3254.7033	307.0041
3255.9548	291.8201
3257.2063	302.4015
3258.4578	289.1368
3259.7093	304.3081
3260.9608	317.8541
3262.2124	307.9202
3263.4639	295.6706
3264.7154	290.8589
3265.9669	301.7215
3267.2184	298.7807
3268.4699	308.752
3269.7214	303.0178
3270.973	311.6949
3272.2245	297.7939
3273.476	299.2986
3274.7275	297.341
3275.979	298.3891
3277.2305	300.0699
3278.482	300.301
3279.7335	305.6326
3280.9851	299.7769
3282.2366	298.6744
3283.4881	292.5008
3284.7396	289.7751
3285.9911	295.7149
3287.2426	290.3264
3288.4941	287.0968
3289.7457	298.207
3290.9972	281.5299
3292.2487	286.7627
3293.5002	295.0633
3294.7517	287.945
3296.0032	291.2117
3297.2547	284.6735
3298.5063	274.657
3299.7578	282.8488
3301.0093	289.5763
3302.2608	292.3401
3303.5123	292.6655
3304.7638	298.8422
3306.0153	275.7998
3307.2669	285.9405
3308.5184	287.9391
3309.7699	287.6079
3311.0214	291.133
3312.2729	278.5247
3313.5244	269.8453
3314.7759	279.5647
3316.0275	281.397
3317.279	288.5553
3318.5305	289.8265
3319.782	288.657
3321.0335	294.0453
3322.285	288.9378
3323.5365	296.2698
3324.7881	292.2586
3326.0396	287.2276
3327.2911	285.2649
3328.5426	292.371
3329.7941	296.2229
3331.0456	287.8934
3332.2971	287.1058
3333.5486	287.6144
3334.8002	293.7995
3336.0517	295.0079
3337.3032	293.9922
3338.5547	296.9514
3339.8062	301.918
3341.0577	292.1063
3342.3092	287.1612
3343.5608	294.6693
3344.8123	303.9506
3346.0638	292.8468
3347.3153	285.1598
3348.5668	266.9782
3349.8183	286.1577
3351.0698	287.966
3352.3214	281.5616
3353.5729	272.8339
3354.8244	284.4814
3356.0759	287.7094
3357.3274	308.947
3358.5789	293.046
3359.8304	276.0014
3361.082	297.6703
3362.3335	308.2284
3363.585	303.0777
3364.8365	291.3914
3366.088	290.6436
3367.3395	295.231
3368.591	289.7174
3369.8426	289.369
3371.0941	298.397
3372.3456	282.1965
3373.5971	294.2903
3374.8486	290.1988
3376.1001	299.6691
3377.3516	299.807
3378.6031	306.6422
3379.8547	297.3622
3381.1062	302.0709
3382.3577	311.5358
3383.6092	296.6854
3384.8607	291.2284
3386.1122	306.5035
3387.3637	303.187
3388.6153	307.9426
3389.8668	292.5157
3391.1183	297.5933
3392.3698	304.6213
3393.6213	299.933
3394.8728	288.3483
3396.1243	294.9524
3397.3759	293.2996
3398.6274	296.4571
3399.8789	294.626
3401.1304	304.6508
3402.3819	291.1484
3403.6334	293.9765
3404.8849	295.4374
3406.1365	304.2571
3407.388	299.0321
3408.6395	301.3364
3409.891	280.4082
3411.1425	291.9394
3412.394	295.2514
3413.6455	281.1869
3414.8971	282.8076
3416.1486	303.1782
3417.4001	298.8761
3418.6516	278.6913
3419.9031	289.5136
3421.1546	295.2707
3422.4061	290.5644
3423.6577	283.497
3424.9092	283.5977
3426.1607	298.0743
3427.4122	278.337
3428.6637	294.7655
3429.9152	288.6059
3431.1667	284.9559
3432.4182	288.9595
3433.6698	298.1361
3434.9213	293.9096
3436.1728	311.584
3437.4243	298.2593
3438.6758	292.8415
3439.9273	296.2137
3441.1788	303.2855
3442.4304	297.7554
3443.6819	296.0396
3444.9334	285.3162
3446.1849	276.4038
3447.4364	283.883
3448.6879	286.7099
3449.9394	302.9105
3451.191	295.3295
3452.4425	297.2621
3453.694	303.7255
3454.9455	293.0892
3456.197	302.7739
3457.4485	284.2056
3458.7	283.7271
3459.9516	294.3864
3461.2031	283.0734
3462.4546	275.533
3463.7061	285.8199
3464.9576	308.1499
3466.2091	287.6247
3467.4606	287.2242
3468.7122	292.0118
3469.9637	296.5786
3471.2152	299.1828
3472.4667	296.5311
3473.7182	304.4842
3474.9697	287.7612
3476.2212	296.5895
3477.4727	299.6594
3478.7243	297.1765
3479.9758	292.6058
3481.2273	269.4224
3482.4788	294.2667
3483.7303	291.3819
3484.9818	294.0421
3486.2333	294.64
3487.4849	300.1866
3488.7364	287.9979
3489.9879	300.6723
3491.2394	290.8719
3492.4909	296.0407
3493.7424	290.4604
3494.9939	290.1721
3496.2455	291.8047
3497.497	301.4078
3498.7485	290.5354
3500	295.7412
