400	897.1364
401.2515	1055.9918
402.503	1156.4233
403.7545	1163.4102
405.006	1129.3942
406.2576	981.0371
407.5091	817.1304
408.7606	676.3961
410.0121	555.5786
411.2636	461.4374
412.5151	398.8546
413.7667	354.3188
415.0182	304.3212
416.2697	271.7839
417.5212	245.1613
418.7727	220.339
420.0242	196.5782
421.2757	181.1674
422.5273	177.9626
423.7788	146.0773
425.0303	152.4547
426.2818	143.3775
427.5333	133.6543
428.7848	127.7641
430.0363	126.101
431.2878	126.0614
432.5394	118.2737
433.7909	122.4626
435.0424	109.5756
436.2939	103.189
437.5454	101.7877
438.7969	100.5106
440.0484	97.1249
441.3	91.3174
442.5515	82.1568
443.803	92.5571
445.0545	92.7985
446.306	85.8636
447.5575	85.2526
448.8091	92.2842
450.0605	90.5208
451.3121	77.9456
452.5636	71.4107
453.8151	68.4558
455.0666	68.8399
456.3181	69.3691
457.5696	70.9467
458.8212	75.7866
460.0727	77.125
461.3242	67.1226
462.5757	71.2734
463.8272	66.2491
465.0787	66.5261
466.3302	70.9399
467.5818	70.8622
468.8333	69.0441
470.0848	63.3546
471.3363	58.0754
472.5878	62.1442
473.8393	66.587
475.0909	68.928
476.3423	72.0888
477.5939	74.946
478.8454	60.3374
480.0969	71.0478
481.3484	66.7775
482.5999	68.9647
483.8514	71.5796
485.1029	66.5303
486.3545	59.96
487.606	69.8688
488.8575	68.919
490.109	73.8715
491.3605	71.0231
492.612	66.4071
493.8636	62.3796
495.1151	63.0084
496.3666	69.6466
497.6181	68.0497
498.8696	73.6631
500.1211	61.3828
501.3726	70.3047
502.6241	82.4824
503.8756	83.3334
505.1272	78.386
506.3787	82.3908
507.6302	73.2177
508.8817	73.7775
510.1332	74.2317
511.3847	78.0359
512.6362	76.698
513.8878	72.5546
515.1393	76.689
516.3908	88.322
517.6423	70.4967
518.8938	83.2264
520.1453	86.1453
521.3969	81.2147
522.6484	79.8969
523.8999	84.6721
525.1514	89.3074
526.4029	98.2147
527.6544	77.5688
528.9059	85.7578
530.1575	97.2502
531.4089	102.621
532.6605	102.6244
533.912	104.0575
535.1635	110.818
536.415	106.2077
537.6665	109.0774
538.918	106.8246
540.1696	117.1151
541.4211	115.8182
542.6726	105.4668
543.9241	111.6417
545.1756	140.4584
546.4271	141.5019
547.6786	149.433
548.9302	154.4244
550.1817	169.7587
551.4332	200.3553
552.6847	229.6332
553.9362	245.5849
555.1877	276.3454
556.4393	337.0858
557.6907	380.5394
558.9423	460.195
560.1938	541.5445
561.4453	631.5852
562.6968	711.7545
563.9483	742.3213
565.1998	735.1378
566.4514	667.1703
567.7029	572.266
568.9544	453.6299
570.2059	382.4955
571.4574	333.7989
572.7089	278.85
573.9604	231.9889
575.212	200.5464
576.4634	185.0742
577.715	178.3914
578.9665	169.0592
580.218	158.0217
581.4695	146.314
582.721	137.7727
583.9725	136.699
585.2241	138.0975
586.4756	123.4214
587.7271	125.1955
588.9786	111.6056
590.2301	106.5793
591.4816	105.024
592.7332	101.7737
593.9847	104.385
595.2361	107.3638
596.4877	105.3531
597.7392	102.2464
598.9907	96.6069
600.2422	96.0677
601.4937	97.1319
602.7452	92.1553
603.9968	80.9336
605.2483	76.9275
606.4998	91.5633
607.7513	84.5422
609.0028	91.0769
610.2543	95.0472
611.5059	91.8202
612.7574	85.8961
614.0089	82.8169
615.2604	84.1408
616.5119	83.9908
617.7634	80.0039
619.015	88.0266
620.2665	89.2643
621.5179	81.1821
622.7695	76.2786
624.021	81.1162
625.2725	82.4528
626.524	83.2289
627.7755	91.5537
629.027	80.1288
630.2786	75.4866
631.5301	78.9667
632.7816	83.6738
634.0331	83.443
635.2846	79.3837
636.5361	90.007
637.7877	93.7337
639.0392	99.0135
640.2906	89.0789
641.5422	85.0641
642.7937	89.7393
644.0452	92.0053
645.2968	84.9118
646.5482	74.218
647.7997	84.5302
649.0513	74.8684
650.3028	75.4572
651.5543	77.6929
652.8058	92.0316
654.0573	104.0041
655.3088	97.297
656.5604	101.6652
657.8119	94.4242
659.0634	94.8382
660.3149	94.8192
661.5664	100.1395
662.8179	101.0075
664.0695	100.1504
665.3209	105.0032
666.5724	112.8626
667.824	117.6389
669.0755	115.7389
670.327	109.6351
671.5786	127.0408
672.83	131.8755
674.0815	126.5165
675.3331	133.6457
676.5846	152.2164
677.8361	146.0424
679.0876	149.8072
680.3391	160.7477
681.5906	158.3622
682.8422	175.6577
684.0937	189.4288
685.3452	203.8768
686.5967	224.1609
687.8482	233.7845
689.0997	268.2913
690.3513	300.7763
691.6027	344.8111
692.8542	399.4574
694.1058	485.6204
695.3573	586.2374
696.6088	701.7234
697.8603	867.6584
699.1118	1125.4988
700.3633	1507.0775
701.6149	1926.9059
702.8664	2605.7866
704.1179	3404.7805
705.3694	4309.376
706.6209	5243.4272
707.8724	6014.1172
709.124	6409.4146
710.3754	6365.9883
711.627	5891.6421
712.8785	4911.186
714.13	3675.3931
715.3815	2486.5117
716.633	1583.5406
717.8845	1014.8425
719.136	697.5538
720.3876	533.0704
721.6391	436.8785
722.8906	381.2085
724.1421	369.8286
725.3936	352.7914
726.6451	331.7058
727.8967	303.1423
729.1482	262.6562
730.3997	219.1029
731.6512	191.6978
732.9027	173.7037
734.1542	171.2481
735.4058	161.8902
736.6572	143.8499
737.9088	140.3397
739.1603	144.3443
740.4118	140.5529
741.6633	130.1076
742.9148	127.3863
744.1663	121.4227
745.4178	134.3675
746.6694	117.7937
747.9209	121.0076
749.1724	114.5565
750.4239	103.9989
751.6754	103.0258
752.9269	107.7312
754.1785	106.7363
755.4299	103.811
756.6815	109.28
757.933	113.9463
759.1845	100.6855
760.436	97.1776
761.6875	95.9376
762.939	100.4975
764.1906	107.7807
765.4421	83.9959
766.6936	95.4698
767.9451	94.7053
769.1966	85.8353
770.4481	90.4004
771.6996	99.8203
772.9512	108.0457
774.2026	101.8822
775.4542	87.0611
776.7057	94.3672
777.9572	91.0262
779.2087	92.6045
780.4602	83.738
781.7117	96.1848
782.9633	92.7151
784.2148	93.029
785.4663	97.3558
786.7178	93.1885
787.9693	89.1065
789.2208	78.9546
790.4724	92.5088
791.7239	94.4643
792.9754	86.7101
794.2269	93.4347
795.4784	96.7301
796.7299	100.9872
797.9814	108.5543
799.233	105.9281
800.4844	108.0109
801.736	112.7073
802.9875	114.5195
804.239	131.85
805.4905	139.7144
806.742	160.4269
807.9935	206.3102
809.2451	260.2011
810.4966	302.509
811.7481	335.1932
812.9996	328.9328
814.2511	290.0894
815.5026	248.8458
816.7542	204.57
818.0057	158.0597
819.2571	134.2131
820.5087	119.2653
821.7602	103.922
823.0117	112.1875
824.2632	113.7855
825.5147	98.2241
826.7662	107.8224
828.0178	106.2882
829.2693	107.0491
830.5208	98.0797
831.7723	92.6613
833.0238	100.0838
834.2753	109.967
835.5269	113.7719
836.7784	103.2499
838.0298	94.8339
839.2814	115.2369
840.5329	131.2996
841.7844	132.1588
843.0359	133.2404
844.2874	134.3048
845.5389	133.228
846.7905	137.0794
848.042	135.2215
849.2935	142.9335
850.545	125.6455
851.7965	119.3594
853.048	124.1448
854.2996	131.2376
855.5511	143.0613
856.8026	148.2602
858.0541	140.8474
859.3056	141.7801
860.5571	157.5595
861.8087	198.9382
863.0602	199.4977
864.3116	215.6706
865.5632	246.2079
866.8147	283.0759
868.0662	300.1167
869.3177	317.2271
870.5692	363.9416
871.8207	401.6067
873.0723	400.9255
874.3238	381.6215
875.5753	381.5619
876.8268	338.3742
878.0783	314.6374
879.3298	282.3997
880.5814	239.722
881.8329	207.786
883.0844	189.963
884.3359	176.4301
885.5874	185.6513
886.8389	147.9589
888.0905	148.1299
889.3419	128.6555
890.5934	116.6532
891.845	116.3163
893.0965	117.2952
894.348	113.8761
895.5995	109.8077
896.851	108.1553
898.1025	103.2903
899.3541	104.2647
900.6056	104.38
901.8571	97.1159
903.1086	85.9386
904.3601	76.7368
905.6116	76.1416
906.8632	80.026
908.1147	83.3463
909.3661	87.5988
910.6177	75.5966
911.8692	84.308
913.1207	84.8549
914.3723	79.8826
915.6237	82.778
916.8752	73.8801
918.1268	73.0878
919.3783	81.9328
920.6298	82.2616
921.8813	74.9705
923.1328	66.5663
924.3843	62.6833
925.6359	69.8571
926.8874	78.5199
928.1389	71.387
929.3904	70.0158
930.6419	72.6853
931.8934	63.7035
933.145	48.2765
934.3964	50.4756
935.6479	69.1626
936.8995	69.2851
938.151	80.6575
939.4025	70.6605
940.654	73.8814
941.9055	76.5112
943.157	69.7742
944.4086	74.871
945.6601	76.621
946.9116	58.5429
948.1631	58.8449
949.4146	72.9014
950.6661	62.8892
951.9177	57.2406
953.1691	65.4824
954.4207	65.8303
955.6722	44.4146
956.9237	53.3408
958.1752	73.2499
959.4267	70.0896
960.6782	59.9716
961.9297	52.9415
963.1813	57.7479
964.4328	60.0734
965.6843	64.9614
966.9358	51.3421
968.1873	63.3723
969.4388	61.8961
970.6904	62.1451
971.9419	68.7033
973.1934	68.3059
974.4449	64.6923
975.6964	57.4441
976.9479	52.1914
978.1995	52.7016
979.4509	60.9057
980.7025	59.0112
981.954	55.6837
983.2055	63.7738
984.457	63.4983
985.7085	64.1069
986.96	74.1956
988.2115	68.8502
989.4631	65.8011
990.7146	66.9409
991.9661	67.7138
993.2176	67.9313
994.4691	53.9587
995.7206	61.2138
996.9722	67.2953
998.2236	70.0024
999.4752	67.5402
1000.7267	61.3378
1001.9782	66.8064
1003.2297	74.1298
1004.4812	72.9198
1005.7327	60.6296
1006.9843	56.9675
1008.2358	64.3105
1009.4873	51.0912
1010.7388	65.5907
1011.9903	73.7299
1013.2418	69.4562
1014.4933	73.7353
1015.7449	66.493
1016.9963	43.6786
1018.2479	62.3893
1019.4994	54.8117
1020.7509	57.1093
1022.0024	61.2315
1023.2539	64.9798
1024.5055	58.756
1025.757	55.2805
1027.0084	53.4603
1028.26	54.3927
1029.5115	61.0682
1030.7631	59.8223
1032.0145	76.1441
1033.266	62.461
1034.5176	70.3288
1035.769	55.7636
1037.0206	65.5337
1038.2721	65.9479
1039.5236	58.3898
1040.7751	55.0296
1042.0266	55.0745
1043.2782	57.2676
1044.5297	60.593
1045.7811	46.8571
1047.0327	58.1924
1048.2842	61.041
1049.5358	68.1475
1050.7872	67.5548
1052.0387	55.9058
1053.2903	55.0015
1054.5417	58.7629
1055.7933	57.5547
1057.0448	53.9676
1058.2964	54.2337
1059.5479	54.9974
1060.7993	44.7124
1062.0509	49.5508
1063.3024	44.5668
1064.554	49.012
1065.8054	72.1494
1067.0569	61.7869
1068.3085	59.5903
1069.5599	64.7323
1070.8115	66.5788
1072.063	69.5071
1073.3145	68.5347
1074.566	53.1155
1075.8175	47.8873
1077.0691	63.6851
1078.3206	71.9809
1079.572	60.4783
1080.8236	71.1886
1082.0751	64.4441
1083.3267	58.782
1084.5781	61.4665
1085.8296	62.9197
1087.0812	63.2418
1088.3326	67.2377
1089.5842	67.0425
1090.8357	68.8791
1092.0872	67.03
1093.3387	58.8713
1094.5902	51.4567
1095.8418	54.9521
1097.0933	62.9649
1098.3447	58.2847
1099.5963	61.5838
1100.8478	68.1061
1102.0994	62.332
1103.3508	59.7625
1104.6023	73.4783
1105.8539	70.0909
1107.1053	61.8551
1108.3569	63.6786
1109.6084	71.3929
1110.8599	66.8366
1112.1115	76.6301
1113.3629	62.7754
1114.6145	60.2
1115.866	71.0097
1117.1174	77.3066
1118.369	70.8369
1119.6205	57.667
1120.8721	72.4425
1122.1235	66.5679
1123.375	75.6893
1124.6266	78.631
1125.8781	88.5257
1127.1296	91.1702
1128.3811	103.0846
1129.6326	99.8237
1130.8842	86.5133
1132.1356	87.1817
1133.3872	100.2659
1134.6387	105.7528
1135.8901	104.9802
1137.1417	110.2755
1138.3932	113.4378
1139.6448	114.8046
1140.8962	98.2942
1142.1477	107.6021
1143.3993	109.3645
1144.6508	113.7042
1145.9023	106.4165
1147.1538	110.8324
1148.4053	126.4159
1149.6569	134.3431
1150.9083	140.4846
1152.1599	152.7315
1153.4114	168.5089
1154.6628	169.9448
1155.9144	170.4502
1157.1659	202.1913
1158.4175	203.476
1159.6689	186.009
1160.9204	218.9444
1162.172	257.6888
1163.4235	281.4559
1164.675	298.7397
1165.9265	321.1452
1167.178	351.7102
1168.4296	393.5902
1169.681	486.1104
1170.9326	551.8218
1172.1841	649.8286
1173.4355	775.1384
1174.6871	925.8437
1175.9386	1110.3821
1177.1902	1394.7949
1178.4417	1791.9729
1179.6932	2337.6414
1180.9447	2899.4856
1182.1962	3221.4478
1183.4478	3150.9292
1184.6992	2745.2664
1185.9508	2218.0715
1187.2023	1784.3954
1188.4537	1402.2489
1189.7053	1121.0214
1190.9568	954.4001
1192.2084	793.4747
1193.4598	646.8099
1194.7113	559.0449
1195.9629	501.5355
1197.2144	439.4958
1198.4659	387.27
1199.7174	346.9117
1200.9689	304.7611
1202.2205	285.438
1203.4719	262.6043
1204.7235	235.2892
1205.975	231.0903
1207.2264	215.4554
1208.478	198.4442
1209.7295	189.8689
1210.9811	182.2787
1212.2325	167.3868
1213.484	157.8749
1214.7356	159.6782
1215.9871	153.1003
1217.2386	144.0432
1218.4901	149.8935
1219.7416	137.4194
1220.9932	122.6703
1222.2446	131.0732
1223.4962	122.2989
1224.7477	115.7661
1225.9991	121.7969
1227.2507	124.0445
1228.5022	91.8591
1229.7538	96.8742
1231.0052	101.1378
1232.2567	109.5686
1233.5083	107.4535
1234.7598	93.6601
1236.0114	95.5687
1237.2628	83.5897
1238.5143	88.1203
1239.7659	89.6339
1241.0173	86.0444
1242.2689	93.7335
1243.5204	87.4046
1244.7719	76.8326
1246.0234	80.184
1247.2749	79.8104
1248.5265	71.7525
1249.778	82.1797
1251.0294	87.854
1252.281	77.7265
1253.5325	70.4636
1254.7841	71.1882
1256.0355	87.7535
1257.287	74.1218
1258.5386	91.474
1259.79	97.7143
1261.0416	113.2164
1262.2931	111.3436
1263.5446	116.0127
1264.7961	89.5103
1266.0476	83.4245
1267.2992	87.5964
1268.5507	83.9889
1269.8021	90.1088
1271.0537	117.5444
1272.3052	134.9357
1273.5568	125.0989
1274.8082	126.7058
1276.0597	113.8811
1277.3113	96.8524
1278.5627	115.3597
1279.8143	98.5378
1281.0658	90.4967
1282.3173	97.2064
1283.5688	86.1318
1284.8203	84.7017
1286.0719	87.407
1287.3234	87.7189
1288.5748	81.788
1289.8264	81.1049
1291.0779	85.4211
1292.3295	81.1709
1293.5809	84.978
1294.8325	89.0562
1296.084	90.3166
1297.3354	82.8043
1298.587	71.4887
1299.8385	73.4367
1301.0901	77.0944
1302.3416	73.1077
1303.593	73.3576
1304.8446	68.7587
1306.0961	54.2299
1307.3477	62.3218
1308.5991	75.8838
1309.8506	75.0223
1311.1022	67.8109
1312.3536	58.4055
1313.6052	74.3121
1314.8567	74.3321
1316.1082	75.4382
1317.3597	55.9791
1318.6112	72.0532
1319.8628	54.5058
1321.1143	68.9647
1322.3657	74.1334
1323.6173	64.0109
1324.8688	67.0647
1326.1204	68.8142
1327.3718	61.8632
1328.6233	55.4266
1329.8749	61.1799
1331.1263	72.5892
1332.3779	67.4693
1333.6294	57.1477
1334.8809	75.1254
1336.1324	79.659
1337.3839	64.8017
1338.6355	42.2394
1339.887	67.9982
1341.1384	82.1886
1342.39	76.4245
1343.6415	78.0179
1344.8931	69.1785
1346.1445	55.5852
1347.396	49.76
1348.6476	51.7362
1349.899	66.8016
1351.1506	78.1664
1352.4021	73.9982
1353.6536	77.4532
1354.9052	72.5623
1356.1566	71.6268
1357.4082	76.7299
1358.6597	75.7685
1359.9111	94.6625
1361.1627	89.5657
1362.4142	74.7767
1363.6658	64.6272
1364.9172	83.6176
1366.1687	87.5168
1367.4203	66.2876
1368.6718	62.8885
1369.9233	64.3957
1371.1748	74.0437
1372.4263	84.7665
1373.6779	77.978
1374.9293	76.8805
1376.1809	73.5123
1377.4324	80.8155
1378.6838	67.0602
1379.9354	79.1713
1381.1869	77.3014
1382.4385	70.4072
1383.6899	84.4152
1384.9414	66.0012
1386.193	84.1632
1387.4445	70.9212
1388.696	98.7979
1389.9475	100.7449
1391.199	92.3436
1392.4506	103.9382
1393.702	103.0574
1394.9536	100.902
1396.2051	117.8999
1397.4565	109.8464
1398.7081	98.5221
1399.9596	114.0736
1401.2112	115.9256
1402.4626	120.2247
1403.7141	90.6964
1404.9657	102.1762
1406.2172	95.1261
1407.4688	84.846
1408.7202	88.9217
1409.9717	103.0368
1411.2233	98.4943
1412.4747	87.2527
1413.7263	94.5122
1414.9778	87.9508
1416.2294	79.3091
1417.4808	85.7317
1418.7323	82.6932
1419.9839	71.2823
1421.2354	69.3732
1422.4869	75.9824
1423.7384	73.3354
1424.9899	62.8221
1426.2415	75.2176
1427.4929	74.3472
1428.7445	83.0113
1429.996	72.6429
1431.2474	80.8601
1432.499	66.2085
1433.7505	65.5664
1435.0021	61.9277
1436.2535	54.4062
1437.505	66.6514
1438.7566	67.8274
1440.0081	57.1872
1441.2596	49.7245
1442.5111	53.957
1443.7626	66.2867
1445.0142	67.5928
1446.2656	81.4539
1447.5172	73.2616
1448.7687	74.8995
1450.0201	63.3197
1451.2717	54.6915
1452.5232	21.6259
1453.7748	58.5465
1455.0262	54.2746
1456.2777	46.8642
1457.5293	51.53
1458.7808	72.4799
1460.0323	63.5925
1461.2838	68.803
1462.5353	55.5884
1463.7869	60.2309
1465.0383	57.4559
1466.2899	47.771
1467.5414	70.597
1468.7928	79.4409
1470.0444	60.6663
1471.2959	56.8055
1472.5475	44.0129
1473.799	62.2966
1475.0504	69.9977
1476.302	62.5305
1477.5535	73.1722
1478.8051	67.0562
1480.0565	65.5753
1481.308	69.0081
1482.5596	75.3896
1483.811	74.382
1485.0626	59.7414
1486.3141	66.5389
1487.5656	62.4679
1488.8171	70.9455
1490.0686	74.5153
1491.3202	64.5377
1492.5717	57.0995
1493.8231	50.9803
1495.0747	59.8799
1496.3262	75.8172
1497.5778	60.3196
1498.8292	63.994
1500.0807	63.979
1501.3323	58.0186
1502.5837	55.5025
1503.8353	71.5486
1505.0868	81.8462
1506.3383	68.6872
1507.5898	71.3727
1508.8413	69.9095
1510.0929	74.0035
1511.3444	70.5713
1512.5958	78.6986
1513.8474	70.0921
1515.0989	74.5641
1516.3505	75.7983
1517.6019	76.4407
1518.8534	87.275
1520.105	85.6532
1521.3564	82.5555
1522.608	87.0209
1523.8595	81.5488
1525.111	86.8479
1526.3625	90.324
1527.614	82.0842
1528.8656	78.1122
1530.1171	79.8752
1531.3685	65.0222
1532.6201	90.4623
1533.8716	84.3546
1535.1232	81.1496
1536.3746	99.5682
1537.6262	83.8689
1538.8777	87.1694
1540.1292	95.1358
1541.3807	96.0961
1542.6322	105.6494
1543.8838	115.9668
1545.1353	106.1128
1546.3867	116.3564
1547.6383	128.5561
1548.8898	133.508
1550.1414	151.2916
1551.3928	163.0413
1552.6443	166.6717
1553.8959	181.4967
1555.1473	197.4076
1556.3989	225.2473
1557.6504	257.0085
1558.9019	320.1487
1560.1534	374.895
1561.4049	472.9762
1562.6565	499.8926
1563.908	437.3683
1565.1594	369.4268
1566.411	340.4405
1567.6625	347.4974
1568.9141	377.5108
1570.1655	420.5707
1571.417	477.0039
1572.6686	568.0162
1573.92	654.1779
1575.1716	765.2662
1576.4231	904.8734
1577.6746	1098.6193
1578.9261	1391.8346
1580.1776	1777.4392
1581.4292	2257.1294
1582.6807	2974.9624
1583.9321	4018.1858
1585.1837	5431.2979
1586.4352	7380.2217
1587.6868	9878.4922
1588.9382	12512.6592
1590.1897	13845.4639
1591.4413	11968.8486
1592.6927	7824.4004
1593.9443	4388.6997
1595.1958	2379.0728
1596.4473	1473.4393
1597.6989	987.858
1598.9503	776.1434
1600.2019	594.2333
1601.4534	498.9281
1602.7048	412.8039
1603.9564	357.4511
1605.2079	340.022
1606.4595	285.3599
1607.7109	267.0296
1608.9624	244.8301
1610.214	223.7548
1611.4655	206.3334
1612.717	183.7266
1613.9685	171.3319
1615.22	174.7349
1616.4716	168.568
1617.723	156.0409
1618.9746	142.8918
1620.2261	134.5169
1621.4775	134.0281
1622.7291	140.7562
1623.9806	127.7084
1625.2322	122.5948
1626.4836	131.9795
1627.7351	129.2909
1628.9867	118.986
1630.2382	120.5089
1631.4897	122.0866
1632.7412	105.3927
1633.9927	101.6438
1635.2443	103.403
1636.4957	117.5964
1637.7473	105.4501
1638.9988	96.946
1640.2502	98.9208
1641.5018	92.2721
1642.7533	87.4213
1644.0049	89.2792
1645.2563	95.7467
1646.5078	94.7691
1647.7594	97.7857
1649.0109	93.6308
1650.2625	92.7326
1651.5139	98.8562
1652.7655	96.2419
1654.017	97.231
1655.2684	96.1024
1656.52	89.4427
1657.7715	92.1534
1659.0231	96.4172
1660.2745	91.4349
1661.526	88.2255
1662.7776	105.8535
1664.0291	103.0475
1665.2806	104.0385
1666.5321	103.8445
1667.7836	107.9815
1669.0352	96.0934
1670.2866	102.8143
1671.5382	115.7276
1672.7897	135.1357
1674.0411	144.441
1675.2927	157.27
1676.5442	154.88
1677.7958	184.7183
1679.0472	186.0008
1680.2987	172.3408
1681.5503	206.7209
1682.8018	237.7139
1684.0533	259.4986
1685.3048	313.6636
1686.5563	344.6008
1687.8079	394.9582
1689.0593	473.3543
1690.3109	559.2684
1691.5624	659.8474
1692.8138	752.3035
1694.0654	832.6679
1695.3169	903.9771
1696.5685	978.8972
1697.8199	1026.7958
1699.0714	1039.8575
1700.323	1034.8045
1701.5745	998.5019
1702.826	923.553
1704.0775	807.0776
1705.329	691.6458
1706.5806	566.7394
1707.832	469.4077
1709.0836	382.0621
1710.3351	317.039
1711.5865	233.657
1712.8381	215.4985
1714.0896	180.7051
1715.3412	166.8611
1716.5927	153.9312
1717.8441	153.466
1719.0957	135.3043
1720.3472	123.659
1721.5988	115.7108
1722.8502	104.3903
1724.1017	109.7356
1725.3533	108.7416
1726.6047	97.773
1727.8563	89.9429
1729.1078	96.6692
1730.3593	95.406
1731.6108	97.9171
1732.8623	86.2875
1734.1139	76.1524
1735.3654	92.8969
1736.6168	90.7421
1737.8684	90.1729
1739.1199	92.2216
1740.3715	89.0851
1741.6229	92.0182
1742.8744	94.4578
1744.126	99.2857
1745.3774	95.6124
1746.629	87.2232
1747.8805	84.1405
1749.132	87.4752
1750.3835	84.3225
1751.635	86.2986
1752.8866	87.1523
1754.1381	76.9723
1755.3895	82.6107
1756.6411	76.6962
1757.8926	74.6142
1759.1442	84.1287
1760.3956	91.4102
1761.6471	67.2014
1762.8987	71.7289
1764.1501	64.0586
1765.4017	73.0914
1766.6532	71.9058
1767.9047	64.8115
1769.1562	91.4146
1770.4077	64.6746
1771.6593	70.1609
1772.9108	87.7511
1774.1624	63.4087
1775.4138	58.1336
1776.6653	65.0154
1777.9169	71.4231
1779.1683	79.4707
1780.4199	87.0145
1781.6714	79.744
1782.9229	74.5913
1784.1744	80.5327
1785.4259	72.5302
1786.6775	69.9794
1787.929	85.1846
1789.1804	86.7381
1790.432	82.7862
1791.6835	81.3003
1792.9351	69.5941
1794.1865	70.1444
1795.438	78.585
1796.6896	68.5326
1797.941	65.9025
1799.1926	68.9561
1800.4441	64.1493
1801.6956	64.4716
1802.9471	62.5966
1804.1986	81.8474
1805.4502	67.7318
1806.7017	65.0756
1807.9531	71.1214
1809.2047	46.9135
1810.4562	66.5225
1811.7078	68.6287
1812.9592	70.8091
1814.2107	34.1321
1815.4623	74.7146
1816.7137	79.4603
1817.9653	73.1888
1819.2168	57.2408
1820.4683	64.5226
1821.7198	78.0036
1822.9713	82.994
1824.2229	75.9942
1825.4744	67.606
1826.7258	81.1804
1827.9774	73.779
1829.2289	65.2869
1830.4805	48.0211
1831.7319	51.9779
1832.9834	62.6681
1834.235	81.728
1835.4865	78.6622
1836.738	41.4382
1837.9895	53.9236
1839.241	66.4034
1840.4926	67.442
1841.744	56.9925
1842.9956	58.9109
1844.2471	58.024
1845.4985	74.0036
1846.7501	76.7986
1848.0016	53.2049
1849.2532	49.1177
1850.5046	55.8308
1851.7561	54.9996
1853.0077	53.6816
1854.2592	60.11
1855.5107	62.5287
1856.7622	53.1447
1858.0137	52.9718
1859.2653	64.1166
1860.5167	65.4365
1861.7683	67.6959
1863.0198	61.5393
1864.2712	47.6958
1865.5228	48.6904
1866.7743	64.5157
1868.0259	55.3697
1869.2773	41.0423
1870.5288	67.0618
1871.7804	64.6056
1873.0319	53.9194
1874.2834	62.0815
1875.5349	76.0867
1876.7864	60.0285
1878.038	72.1531
1879.2894	72.6482
1880.541	57.1925
1881.7925	85.1885
1883.0439	67.7636
1884.2955	71.5577
1885.547	66.0998
1886.7986	64.046
1888.05	60.1779
1889.3015	41.461
1890.5531	62.7928
1891.8046	80.4626
1893.0562	74.3125
1894.3076	52.1688
1895.5592	59.6831
1896.8107	68.2966
1898.0621	70.2975
1899.3137	51.3724
1900.5652	63.3298
1901.8168	62.2247
1903.0682	59.7642
1904.3197	62.1366
1905.5713	62.6977
1906.8228	62.4149
1908.0743	56.3609
1909.3258	73.6992
1910.5773	65.6292
1911.8289	61.7318
1913.0803	46.9614
1914.3319	56.8223
1915.5834	63.3709
1916.8348	53.4744
1918.0864	53.7692
1919.3379	56.8174
1920.5895	52.2605
1921.8409	53.6361
1923.0924	61.4687
1924.344	54.3772
1925.5955	59.1956
1926.847	69.4598
1928.0985	53.7219
1929.35	56.7323
1930.6016	64.8038
1931.853	61.4121
1933.1046	59.5298
1934.3561	53.1292
1935.6075	44.7723
1936.8591	50.5678
1938.1106	59.4967
1939.3622	56.2685
1940.6136	53.624
1941.8651	66.3676
1943.1167	53.3616
1944.3682	43.0774
1945.6198	49.6431
1946.8712	67.5164
1948.1227	71.8598
1949.3743	55.2717
1950.6257	54.3681
1951.8773	56.9433
1953.1288	62.9884
1954.3802	62.1974
1955.6318	59.7767
1956.8833	58.2682
1958.1349	45.0104
1959.3864	40.7347
1960.6378	51.2497
1961.8894	63.8586
1963.1409	59.0839
1964.3925	47.3444
1965.6439	46.7268
1966.8954	51.2292
1968.147	41.8702
1969.3984	50.1234
1970.65	57.9292
1971.9015	50.9049
1973.153	63.4264
1974.4045	58.2422
1975.656	49.1727
1976.9076	65.808
1978.1591	57.6646
1979.4105	43.3625
1980.6621	63.8964
1981.9136	70.0801
1983.1652	68.8976
1984.4166	72.4329
1985.6681	55.0118
1986.9197	54.8712
1988.1711	64.9917
1989.4227	73.4269
1990.6742	60.6174
1991.9257	57.0369
1993.1772	64.5165
1994.4287	52.421
1995.6803	62.342
1996.9318	69.303
1998.1832	75.5372
1999.4348	70.073
2000.6863	66.8097
2001.9379	57.008
2003.1893	68.7931
2004.4408	67.5751
2005.6924	40.0156
2006.9438	58.4931
2008.1954	63.7647
2009.4469	53.4457
2010.6985	64.5527
2011.95	56.5658
2013.2014	50.2768
2014.453	57.0637
2015.7045	47.1385
2016.9561	57.7486
2018.2075	43.7526
2019.459	45.985
2020.7106	69.9748
2021.962	65.7206
2023.2136	69.8852
2024.4651	62.5679
2025.7166	56.7194
2026.9681	50.6347
2028.2196	37.208
2029.4712	67.2779
2030.7227	71.5105
2031.9741	59.3034
2033.2257	46.0451
2034.4772	42.309
2035.7288	36.0807
2036.9802	39.7682
2038.2317	58.268
2039.4833	46.3924
2040.7347	44.9734
2041.9863	51.4635
2043.2378	51.8572
2044.4893	53.3249
2045.7408	47.109
2046.9923	58.0314
2048.2439	66.1609
2049.4954	63.5442
2050.7468	54.0606
2051.9983	62.817
2053.25	53.9652
2054.5015	65.0623
2055.7529	65.1027
2057.0044	67.5938
2058.2559	58.5833
2059.5076	50.5764
2060.759	40.0076
2062.0105	53.4762
2063.262	42.8203
2064.5134	25.5193
2065.7651	37.0894
2067.0166	40.663
2068.2681	51.8841
2069.5195	56.0811
2070.771	49.2087
2072.0227	48.4901
2073.2742	47.7044
2074.5256	45.7439
2075.7771	38.263
2077.0286	42.7002
2078.2803	51.8857
2079.5317	35.1746
2080.7832	22.1392
2082.0347	48.4691
2083.2861	49.0012
2084.5378	45.3975
2085.7893	47.7304
2087.0408	52.1099
2088.2922	50.8536
2089.5437	55.496
2090.7954	48.0464
2092.0469	39.5715
2093.2983	54.4224
2094.5498	51.4675
2095.8013	41.563
2097.053	40.1031
2098.3044	45.2963
2099.5559	48.2434
2100.8074	44.6744
2102.0588	33.1234
2103.3105	38.4758
2104.562	57.3339
2105.8135	52.5286
2107.0649	45.8755
2108.3164	42.6416
2109.5681	52.5059
2110.8196	60.768
2112.071	43.6708
2113.3225	37.9716
2114.574	47.8735
2115.8257	44.2378
2117.0771	36.5637
2118.3286	50.5883
2119.5801	54.441
2120.8315	58.7743
2122.0833	58.4279
2123.3347	53.8143
2124.5862	57.3035
2125.8376	50.7975
2127.0891	52.3046
2128.3408	49.6333
2129.5923	75.5088
2130.8438	77.6025
2132.0952	82.311
2133.3467	85.9613
2134.5984	62.2295
2135.8499	76.3318
2137.1013	93.1544
2138.3528	113.6689
2139.6042	123.1391
2140.856	136.987
2142.1074	118.6979
2143.3589	110.7455
2144.6104	106.1391
2145.8618	98.5796
2147.1135	73.8496
2148.365	71.4965
2149.6165	65.7432
2150.8679	64.2562
2152.1194	62.7333
2153.3711	66.1554
2154.6226	46.7841
2155.874	26.4045
2157.1255	34.8965
2158.377	25.9901
2159.6287	42.4099
2160.8801	58.8024
2162.1316	59.5319
2163.3831	41.5452
2164.6345	44.9132
2165.8862	44.5366
2167.1377	72.3089
2168.3892	48.1223
2169.6406	43.0295
2170.8921	45.107
2172.1438	35.7516
2173.3953	32.2397
2174.6467	52.0717
2175.8982	53.2619
2177.1497	58.363
2178.4014	34.2315
2179.6528	45.7221
2180.9043	48.2612
2182.1558	53.1361
2183.4072	47.1581
2184.6589	41.263
2185.9104	49.9718
2187.1619	45.189
2188.4133	58.3793
2189.665	56.69
2190.9165	27.0434
2192.168	40.4826
2193.4194	64.4632
2194.6709	44.4081
2195.9226	51.8464
2197.1741	53.2509
2198.4255	36.3684
2199.677	42.9982
2200.9285	37.8437
2202.1802	37.2074
2203.4316	38.0382
2204.6831	41.3628
2205.9346	45.148
2207.186	38.9549
2208.4377	48.3641
2209.6892	54.7337
2210.9407	51.689
2212.1921	44.6958
2213.4436	46.8019
2214.6953	55.1482
2215.9468	68.8206
2217.1982	56.9854
2218.4497	30.5138
2219.7012	42.9618
2220.9529	59.5198
2222.2043	42.2128
2223.4558	46.2602
2224.7073	51.2615
2225.9587	49.9514
2227.2104	24.1495
2228.4619	37.455
2229.7134	42.9298
2230.9648	40.8527
2232.2163	55.6148
2233.468	41.2967
2234.7195	71.6738
2235.9709	48.7384
2237.2224	40.6529
2238.4739	0.0889
2239.7256	45.6107
2240.9771	47.532
2242.2285	50.9365
2243.48	40.281
2244.7314	33.2527
2245.9832	42.0079
2247.2346	55.1662
2248.4861	54.678
2249.7375	44.5763
2250.989	44.9674
2252.2407	26.9299
2253.4922	36.1813
2254.7437	44.1663
2255.9951	33.5572
2257.2466	42.7765
2258.4983	57.1621
2259.7498	54.0294
2261.0012	58.3995
2262.2527	58.2726
2263.5042	49.926
2264.7559	59.307
2266.0073	58.6557
2267.2588	41.0904
2268.5103	43.0217
2269.7617	64.059
2271.0134	53.8325
2272.2649	58.9472
2273.5164	51.6796
2274.7678	42.3105
2276.0193	53.9828
2277.271	28.3703
2278.5225	52.7332
2279.7739	45.3769
2281.0254	39.3469
2282.2769	52.9753
2283.5286	55.8797
2284.78	73.5311
2286.0315	82.8832
2287.283	59.2789
2288.5344	62.5948
2289.7861	72.1671
2291.0376	87.6803
2292.2891	75.333
2293.5405	68.6075
2294.792	93.6303
2296.0437	91.2048
2297.2952	107.6861
2298.5466	113.5825
2299.7981	121.8865
2301.0496	131.8405
2302.3013	134.0835
2303.5527	132.1257
2304.8042	139.2199
2306.0557	134.0446
2307.3071	132.7194
2308.5588	122.5099
2309.8103	107.5434
2311.0618	97.6284
2312.3132	83.0874
2313.5647	75.7704
2314.8164	60.3462
2316.0679	60.3489
2317.3193	52.1398
2318.5708	48.6293
2319.8223	34.0773
2321.074	62.6588
2322.3254	49.8623
2323.5769	60.0939
2324.8284	44.0871
2326.0798	47.3401
2327.3315	39.9294
2328.583	62.6956
2329.8345	60.3967
2331.0859	44.9607
2332.3374	38.7697
2333.5891	55.8589
2334.8406	40.6871
2336.092	44.5298
2337.3435	55.7829
2338.595	57.4687
2339.8467	66.2073
2341.0981	51.742
2342.3496	57.9019
2343.6011	38.6911
2344.8525	21.1546
2346.1042	37.9845
2347.3557	66.7842
2348.6072	56.7431
2349.8586	60.5362
2351.1101	48.5004
2352.3618	39.2314
2353.6133	28.9593
2354.8647	34.4391
2356.1162	48.3695
2357.3677	55.9754
2358.6194	62.1957
2359.8708	70.2704
2361.1223	47.1381
2362.3738	60.044
2363.6252	58.6859
2364.877	35.3478
2366.1284	49.8861
2367.3799	65.4731
2368.6313	26.3874
2369.8828	34.9307
2371.1345	12.0576
2372.386	77.893
2373.6375	63.2703
2374.8889	54.1481
2376.1404	54.4258
2377.3921	52.5333
2378.6436	56.0876
2379.895	53.7251
2381.1465	54.5475
2382.3979	67.2313
2383.6497	71.638
2384.9011	70.7242
2386.1526	68.837
2387.4041	58.0299
2388.6555	58.7215
2389.9072	55.1104
2391.1587	63.2135
2392.4102	65.2277
2393.6616	89.1245
2394.9131	73.7845
2396.1648	80.9353
2397.4163	68.7663
2398.6677	55.5075
2399.9192	95.6816
2401.1707	67.0128
2402.4224	80.7195
2403.6738	63.504
2404.9253	56.3329
2406.1768	73.0847
2407.4282	100.181
2408.6799	87.9349
2409.9314	90.0847
2411.1829	88.4198
2412.4343	80.8821
2413.6858	88.5126
2414.9375	94.0835
2416.189	90.9888
2417.4404	94.5993
2418.6919	88.3512
2419.9434	73.2152
2421.1951	71.7414
2422.4465	82.831
2423.698	74.7412
2424.9495	75.9024
2426.2009	91.6512
2427.4526	65.0625
2428.7041	47.7889
2429.9556	80.356
2431.207	56.9096
2432.4587	58.7609
2433.7102	76.9494
2434.9617	77.8068
2436.2131	87.0913
2437.4646	54.4984
2438.7163	81.1535
2439.9678	75.2841
2441.2192	70.8312
2442.4707	64.5828
2443.7222	73.4963
2444.9739	65.4584
2446.2253	63.9291
2447.4768	76.3164
2448.7283	65.4179
2449.9797	66.9628
2451.2314	86.6377
2452.4829	96.2502
2453.7344	86.5704
2454.9858	91.5271
2456.2373	70.1444
2457.489	90.5951
2458.7405	81.7649
2459.9919	105.0906
2461.2434	66.6594
2462.4949	78.6898
2463.7466	83.0807
2464.998	90.7008
2466.2495	89.3643
2467.501	80.6408
2468.7524	88.7552
2470.0042	81.0113
2471.2556	77.827
2472.5071	75.0216
2473.7585	89.8675
2475.01	90.9492
2476.2617	91.2557
2477.5132	81.0308
2478.7646	71.4916
2480.0161	54.4223
2481.2676	66.8638
2482.5193	80.8785
2483.7708	82.1674
2485.0222	42.8012
2486.2737	48.654
2487.5251	74.0234
2488.7769	57.1989
2490.0283	61.966
2491.2798	77.1813
2492.5312	70.9927
2493.7827	63.8274
2495.0344	64.5257
2496.2859	55.0746
2497.5374	58.507
2498.7888	61.8069
2500.0403	73.1843
2501.292	55.9261
2502.5435	46.4833
2503.7949	61.0843
2505.0464	63.4767
2506.2979	56.5192
2507.5496	56.0579
2508.801	67.9461
2510.0525	69.3413
2511.304	64.5269
2512.5554	68.0908
2513.8071	70.953
2515.0586	75.069
2516.3101	52.8177
2517.5615	57.407
2518.813	60.2617
2520.0647	56.1175
2521.3162	68.6106
2522.5676	77.4565
2523.8191	70.3967
2525.0706	60.9481
2526.3223	61.7531
2527.5737	61.3831
2528.8252	78.4302
2530.0767	79.38
2531.3281	70.4085
2532.5798	68.8964
2533.8313	46.47
2535.0828	33.9102
2536.3342	68.2477
2537.5857	79.3952
2538.8374	66.2058
2540.0889	65.7559
2541.3403	77.9021
2542.5918	69.0482
2543.8433	95.5988
2545.095	88.702
2546.3464	76.7179
2547.5979	66.938
2548.8494	73.1395
2550.1008	86.0487
2551.3525	77.7938
2552.604	85.4473
2553.8555	73.024
2555.1069	66.2194
2556.3584	83.2191
2557.6101	69.2452
2558.8616	78.6323
2560.113	64.8525
2561.3645	99.0421
2562.616	94.4129
2563.8677	82.9003
2565.1191	74.2576
2566.3706	85.087
2567.6221	92.0623
2568.8735	80.7141
2570.1252	79.7597
2571.3767	96.6418
2572.6282	97.2641
2573.8796	80.6583
2575.1311	77.6073
2576.3828	86.9495
2577.6343	88.4516
2578.8857	82.0807
2580.1372	95.5197
2581.3887	98.3912
2582.6404	92.9201
2583.8918	99.6404
2585.1433	88.1142
2586.3948	76.7422
2587.6462	86.6524
2588.8979	95.8538
2590.1494	105.2274
2591.4009	97.6583
2592.6523	86.1343
2593.9038	83.1585
2595.1555	88.3368
2596.407	62.0127
2597.6584	57.2736
2598.9099	64.6849
2600.1614	62.3731
2601.4131	83.0687
2602.6646	78.6544
2603.916	79.7505
2605.1675	83.1395
2606.4189	53.5019
2607.6707	80.0915
2608.9221	69.7581
2610.1736	79.6718
2611.425	74.4793
2612.6765	71.2202
2613.9282	77.0937
2615.1797	75.1113
2616.4312	92.2307
2617.6826	83.4684
2618.9341	85.9904
2620.1858	81.1966
2621.4373	85.9288
2622.6887	83.8449
2623.9402	72.9929
2625.1917	77.3264
2626.4434	88.8727
2627.6948	85.116
2628.9463	81.6196
2630.1978	68.0585
2631.4492	75.108
2632.7009	82.5885
2633.9524	70.1875
2635.2039	69.5778
2636.4553	76.8157
2637.7068	97.6033
2638.9585	102.4439
2640.21	92.5189
2641.4614	94.6031
2642.7129	78.0415
2643.9644	79.2707
2645.2161	74.0357
2646.4675	83.6823
2647.719	80.4263
2648.9705	83.9153
2650.2219	83.938
2651.4736	87.928
2652.7251	87.4306
2653.9766	95.1278
2655.228	94.2339
2656.4795	82.1864
2657.7312	89.0162
2658.9827	88.1049
2660.2341	101.7226
2661.4856	78.0597
2662.7371	98.91
2663.9888	100.1265
2665.2402	89.3082
2666.4917	97.9291
2667.7432	87.1643
2668.9949	94.257
2670.2463	109.2755
2671.4978	102.1392
2672.7493	108.4538
2674.0007	91.9768
2675.2524	97.9761
2676.5039	80.5063
2677.7554	103.3307
2679.0068	93.9262
2680.2583	98.0799
2681.51	108.6162
2682.7615	99.6605
2684.0129	75.0938
2685.2644	84.9934
2686.5159	100.4329
2687.7676	95.4593
2689.019	87.5537
2690.2705	77.2793
2691.522	89.027
2692.7734	93.6377
2694.0251	104.8618
2695.2766	104.3493
2696.5281	103.3282
2697.7795	98.5052
2699.031	100.8323
2700.2827	90.6962
2701.5342	85.0188
2702.7856	89.2508
2704.0371	90.8265
2705.2886	95.7562
2706.5403	90.5784
2707.7917	95.688
2709.0432	89.3122
2710.2947	90.6672
2711.5461	101.3867
2712.7979	90.0164
2714.0493	92.4863
2715.3008	110.2557
2716.5522	125.1887
2717.8037	107.4366
2719.0554	103.2607
2720.3069	108.9658
2721.5583	107.7104
2722.8098	105.2832
2724.0613	110.1335
2725.313	116.6002
2726.5645	113.8632
2727.8159	95.4137
2729.0674	96.1521
2730.3188	113.02
2731.5706	116.4934
2732.822	98.7266
2734.0735	120.6279
2735.325	99.9736
2736.5764	104.4545
2737.8281	111.2502
2739.0796	116.0987
2740.3311	113.8329
2741.5825	115.9689
2742.834	112.3478
2744.0857	103.5453
2745.3372	98.4415
2746.5886	113.71
2747.8401	104.9858
2749.0916	115.8529
2750.3433	113.6984
2751.5947	129.8109
2752.8462	144.8767
2754.0977	131.7021
2755.3491	140.5437
2756.6008	137.5845
2757.8523	157.8022
2759.1038	159.6964
2760.3552	189.3534
2761.6067	194.743
2762.8584	173.4516
2764.1099	171.9974
2765.3613	172.1012
2766.6128	186.2799
2767.8643	165.3289
2769.116	143.392
2770.3674	136.2663
2771.6189	137.6775
2772.8704	130.1787
2774.1218	132.1269
2775.3735	134.0826
2776.625	125.3287
2777.8765	121.6753
2779.1279	112.7495
2780.3794	124.0846
2781.6311	128.7536
2782.8826	115.9719
2784.134	108.4666
2785.3855	114.8156
2786.637	117.189
2787.8887	115.8191
2789.1401	124.6957
2790.3916	123.8472
2791.6431	97.851
2792.8945	106.8959
2794.1462	116.2715
2795.3977	101.4008
2796.6492	137.353
2797.9006	130.3142
2799.1521	95.1451
2800.4038	124.2873
2801.6553	131.5347
2802.9067	109.8941
2804.1582	124.8283
2805.4097	143.032
2806.6614	127.2916
2807.9128	108.7873
2809.1643	111.1635
2810.4158	128.7611
2811.6672	141.499
2812.9189	131.9818
2814.1704	123.6627
2815.4219	142.9292
2816.6733	120.9993
2817.9248	150.7837
2819.1765	141.0113
2820.428	154.291
2821.6794	137.4351
2822.9309	140.487
2824.1824	137.6627
2825.4341	118.1819
2826.6855	120.556
2827.937	153.8907
2829.1885	164.9778
2830.4399	142.8798
2831.6917	115.2157
2832.9431	173.4558
2834.1946	147.3614
2835.446	147.6438
2836.6975	138.689
2837.9492	147.4274
2839.2007	166.2529
2840.4521	159.878
2841.7036	169.3035
2842.9551	171.8751
2844.2068	170.4386
2845.4583	161.9356
2846.7097	174.0109
2847.9612	168.7254
2849.2126	169.7167
2850.4644	209.7564
2851.7158	207.1992
2852.9673	224.2662
2854.2188	227.2037
2855.4702	245.6813
2856.7219	272.362
2857.9734	257.7303
2859.2249	199.808
2860.4763	250.178
2861.7278	253.1953
2862.9795	269.9355
2864.231	241.3758
2865.4824	261.784
2866.7339	273.1703
2867.9854	279.7207
2869.2371	291.8076
2870.4885	278.4185
2871.74	258.2331
2872.9915	296.0219
2874.2429	290.2036
2875.4946	232.6339
2876.7461	206.9468
2877.9976	213.0844
2879.249	240.009
2880.5005	217.7869
2881.7522	185.4033
2883.0037	199.3802
2884.2551	199.2041
2885.5066	196.7141
2886.7581	161.7644
2888.0098	176.8564
2889.2612	187.5119
2890.5127	198.7635
2891.7642	157.8293
2893.0156	170.5908
2894.2673	176.3573
2895.5188	173.1389
2896.7703	166.9906
2898.0217	158.2463
2899.2732	156.6743
2900.5249	150.2331
2901.7764	136.8398
2903.0278	152.7393
2904.2793	181.4766
2905.531	186.2824
2906.7825	167.5787
2908.0339	169.0181
2909.2854	165.6946
2910.5369	174.2704
2911.7886	172.3229
2913.04	167.9334
2914.2915	168.3728
2915.543	175.8128
2916.7944	193.7124
2918.0461	204.6473
2919.2976	181.7964
2920.5491	209.0675
2921.8005	179.7646
2923.052	178.4623
2924.3037	193.7607
2925.5552	182.2139
2926.8066	169.7576
2928.0581	159.2776
2929.3096	168.8526
2930.5613	170.2104
2931.8127	145.6204
2933.0642	165.9894
2934.3157	169.7399
2935.5671	195.2776
2936.8188	181.1504
2938.0703	169.7882
2939.3218	175.2513
2940.5732	188.329
2941.8247	179.5528
2943.0764	198.6663
2944.3279	184.3798
2945.5793	192.9877
2946.8308	184.9339
2948.0823	170.9057
2949.334	153.8934
2950.5854	158.0841
2951.8369	168.081
2953.0884	162.4916
2954.3398	164.6202
2955.5916	162.5965
2956.843	169.2526
2958.0945	171.0794
2959.3459	152.0806
2960.5974	171.8884
2961.8491	156.3786
2963.1006	161.3665
2964.3521	177.0523
2965.6035	175.2946
2966.855	184.1367
2968.1067	184.8738
2969.3582	172.9341
2970.6096	168.5807
2971.8611	196.0826
2973.1125	197.8162
2974.3643	171.9206
2975.6157	185.0641
2976.8672	201.4875
2978.1187	190.1589
2979.3701	180.0767
2980.6218	183.9266
2981.8733	198.1056
2983.1248	247.2512
2984.3762	224.9043
2985.6277	200.6271
2986.8794	219.1462
2988.1309	216.7489
2989.3823	225.4859
2990.6338	222.835
2991.8853	244.8812
2993.137	233.6321
2994.3884	217.7198
2995.6399	242.598
2996.8914	233.7584
2998.1428	241.3637
2999.3945	253.5387
3000.646	263.9532
3001.8975	237.8601
3003.1489	238.3689
3004.4004	235.4731
3005.6521	272.9372
3006.9036	291.1173
3008.155	257.942
3009.4065	281.7933
3010.658	274.1225
3011.9097	264.2705
3013.1611	282.6466
3014.4126	297.4967
3015.6641	299.4414
3016.9155	308.3275
3018.1672	312.4482
3019.4187	299.9843
3020.6702	312.3188
3021.9216	286.2861
3023.1731	316.8793
3024.4248	344.4233
3025.6763	345.7179
3026.9277	358.4617
3028.1792	374.5123
3029.4307	378.7856
3030.6824	395.0599
3031.9338	398.6694
3033.1853	399.9627
3034.4368	425.2086
3035.6882	460.4728
3036.9399	426.8175
3038.1914	449.8702
3039.4429	500.7891
3040.6943	514.5638
3041.9458	516.6927
3043.1975	560.3203
3044.449	566.1394
3045.7004	592.7979
3046.9519	655.3716
3048.2034	691.9961
3049.4551	710.7074
3050.7065	750.7798
3051.958	808.6763
3053.2095	869.3038
3054.4609	951.7885
3055.7126	1002.553
3056.9641	1096.6038
3058.2156	1219.1107
3059.467	1344.5134
3060.7185	1512.7802
3061.9702	1682.6248
3063.2217	1900.3956
3064.4731	2134.1135
3065.7246	2524.2166
3066.9761	2925.2783
3068.2278	3349.4946
3069.4792	3947.8625
3070.7307	4619.3516
3071.9822	5457.4233
3073.2336	6532.436
3074.4854	7981.3335
3075.7368	9792.2959
3076.9883	12134.8604
3078.2397	15132.627
3079.4912	18161.3379
3080.7429	20511.0977
3081.9944	21412.6191
3083.2458	19963.3457
3084.4973	17078.8652
3085.7488	13717.4443
3087.0005	10616.4541
3088.252	8149.1904
3089.5034	6459.7632
3090.7549	5273.6895
3092.0063	4410.3789
3093.2581	3808.2122
3094.5095	3283.9092
3095.761	2883.5598
3097.0125	2530.842
3098.2639	2311.239
3099.5156	2112.7979
3100.7671	1898.1339
3102.0186	1770.4247
3103.27	1624.4547
3104.5215	1502.9935
3105.7732	1376.0255
3107.0247	1296.049
3108.2761	1243.9644
3109.5276	1168.1786
3110.7791	1068.1946
3112.0308	997.1735
3113.2822	943.497
3114.5337	903.8454
3115.7852	894.987
3117.0366	875.8706
3118.2883	855.4217
3119.5398	822.0788
3120.7913	825.1446
3122.0427	828.3669
3123.2942	801.8042
3124.5459	780.9528
3125.7974	764.9639
3127.0488	727.8123
3128.3003	675.7978
3129.5518	644.345
3130.8035	620.9178
3132.0549	604.0968
3133.3064	601.5245
3134.5579	576.1118
3135.8093	574.3859
3137.061	593.6919
3138.3125	553.296
3139.564	553.6179
3140.8154	559.6974
3142.0669	554.5527
3143.3186	588.8191
3144.5701	574.4846
3145.8215	556.9373
3147.073	551.0508
3148.3247	564.0209
3149.5762	607.8228
3150.8276	655.3318
3152.0791	663.8918
3153.3306	709.3756
3154.5823	770.7234
3155.8337	807.4846
3157.0852	901.8635
3158.3367	998.5477
3159.5881	1079.3304
3160.8398	1240.9586
3162.0913	1388.8253
3163.3428	1566.7012
3164.5942	1692.2222
3165.8457	1983.246
3167.0974	2255.907
3168.3489	2586.4912
3169.6003	2730.3943
3170.8518	2606.0103
3172.1033	2158.5186
3173.355	1648.6298
3174.6064	1242.9766
3175.8579	967.6237
3177.1094	784.8999
3178.3608	660.1562
3179.6125	594.9184
3180.864	518.3297
3182.1155	447.7306
3183.3669	449.8345
3184.6184	408.6764
3185.8701	390.5207
3187.1216	345.318
3188.373	332.8789
3189.6245	331.3789
3190.876	288.7275
3192.1277	307.6975
3193.3792	269.5474
3194.6306	261.7162
3195.8821	233.2861
3197.1335	269.9886
3198.3853	241.9545
3199.6367	260.1936
3200.8882	238.6598
3202.1396	227.8121
3203.3911	220.8759
3204.6428	230.8259
3205.8943	238.0449
3207.1458	250.0642
3208.3972	182.4931
3209.6487	215.8019
3210.9004	222.1485
3212.1519	221.2213
3213.4033	217.4292
3214.6548	188.805
3215.9062	163.0169
3217.158	173.629
3218.4094	211.4234
3219.6609	150.3879
3220.9124	182.9104
3222.1638	184.3327
3223.4155	209.9248
3224.667	195.5189
3225.9185	173.8224
3227.1699	144.5033
3228.4214	194.105
3229.6731	146.971
3230.9246	164.3115
3232.176	172.4067
3233.4275	188.0663
3234.679	185.5913
3235.9307	160.5833
3237.1821	211.2362
3238.4336	180.444
3239.6851	183.284
3240.9365	176.2619
3242.1882	183.5196
3243.4397	211.981
3244.6912	175.6899
3245.9426	193.1917
3247.1941	205.742
3248.4458	207.8233
3249.6973	207.7192
3250.9487	218.2207
3252.2002	231.0885
3253.4517	225.4187
3254.7034	254.8805
3255.9548	261.9674
3257.2063	239.9526
3258.4578	265.8701
3259.7092	211.7948
3260.9609	235.7258
3262.2124	251.3181
3263.4639	228.4849
3264.7153	216.4347
3265.9668	192.9877
3267.2185	155.2115
3268.47	189.4299
3269.7214	190.0684
3270.9729	154.8422
3272.2244	122.1632
3273.4761	161.054
3274.7275	131.8178
3275.979	132.0168
3277.2305	155.9977
3278.4819	150.1018
3279.7336	150.976
3280.9851	140.7237
3282.2366	147.4587
3283.488	145.7425
3284.7395	109.9561
3285.9912	94.2406
3287.2427	144.0407
3288.4941	132.1072
3289.7456	129.5416
3290.9971	125.414
3292.2488	155.3714
3293.5002	149.3501
3294.7517	117.8249
3296.0032	149.3439
3297.2546	144.9017
3298.5063	139.5364
3299.7578	125.7594
3301.0093	131.9034
3302.2607	134.145
3303.5122	130.2542
3304.7639	129.9508
3306.0154	144.5729
3307.2668	113.3927
3308.5183	122.5356
3309.7698	115.1675
3311.0215	102.0072
3312.2729	146.9581
3313.5244	130.5237
3314.7759	125.7523
3316.0273	126.2749
3317.2791	120.7223
3318.5305	122.1598
3319.782	114.1844
3321.0334	117.5053
3322.2849	78.2356
3323.5366	129.4996
3324.7881	129.9934
3326.0396	124.3953
3327.291	128.3958
3328.5425	120.2425
3329.7942	83.2572
3331.0457	130.8374
3332.2971	79.5223
3333.5486	104.7003
3334.8	94.0989
3336.0518	98.4669
3337.3032	105.7922
3338.5547	127.8467
3339.8062	93.5901
3341.0576	93.7373
3342.3093	101.5185
3343.5608	109.3018
3344.8123	101.2588
3346.0637	77.2584
3347.3152	131.6785
3348.5669	59.8464
3349.8184	106.9716
3351.0698	108.8175
3352.3213	101.2693
3353.5728	81.5805
3354.8245	108.7818
3356.0759	98.0238
3357.3274	82.1696
3358.5789	96.5945
3359.8303	117.6842
3361.082	100.6128
3362.3335	91.8474
3363.585	84.5335
3364.8364	116.1044
3366.0879	114.897
3367.3396	94.4763
3368.5911	120.7743
3369.8425	99.0965
3371.094	70.5176
3372.3455	77.4926
3373.5972	68.0113
3374.8486	109.627
3376.1001	55.3939
3377.3516	90.423
3378.603	97.0684
3379.8547	83.1173
3381.1062	81.9694
3382.3577	105.2154
3383.6091	77.4862
3384.8608	76.3868
3386.1123	92.2917
3387.3638	65.2046
3388.6152	84.2972
3389.8667	79.0109
3391.1184	80.7135
3392.3699	104.6447
3393.6213	70.2799
3394.8728	98.6403
3396.1243	98.13
3397.376	95.0563
3398.6274	88.1782
3399.8789	95.1467
3401.1304	96.1043
3402.3818	98.7039
3403.6335	98.8214
3404.885	101.4445
3406.1365	88.7906
3407.3879	90.6356
3408.6394	92.6869
3409.8911	77.4837
3411.1426	53.2158
3412.394	64.4845
3413.6455	73.0284
3414.897	91.3483
3416.1487	106.5532
3417.4001	80.1586
3418.6516	72.5606
3419.9031	76.705
3421.1545	78.2578
3422.4062	84.0036
3423.6577	91.9664
3424.9092	65.0562
3426.1606	74.074
3427.4121	92.1214
3428.6638	82.2571
3429.9153	87.6714
3431.1667	91.3023
3432.4182	52.6662
3433.6697	61.3556
3434.9214	83.0265
3436.1729	89.6085
3437.4243	77.0363
3438.6758	89.3162
3439.9272	79.5057
3441.179	60.3356
3442.4304	86.8039
3443.6819	72.0724
3444.9333	47.4403
3446.1848	57.7608
3447.4365	69.379
3448.688	29.9548
3449.9395	79.2616
3451.1909	64.1958
3452.4424	59.269
3453.6941	66.0989
3454.9456	54.4394
3456.197	66.3095
3457.4485	65.6171
3458.7	62.3434
3459.9517	49.2357
3461.2031	44.1898
3462.4546	42.6758
3463.7061	65.4016
3464.9575	96.3152
3466.2092	78.0343
3467.4607	62.5858
3468.7122	70.2286
3469.9636	58.3198
3471.2151	67.6475
3472.4668	47.8929
3473.7183	65.6476
3474.9697	64.1234
3476.2212	58.5412
3477.4727	63.663
3478.7244	64.1129
3479.9758	78.6599
3481.2273	61.2621
3482.4788	81.3818
3483.7302	72.0624
3484.9819	67.5043
3486.2334	66.9901
3487.4849	53.9901
3488.7363	85.1081
3489.9878	50.9731
3491.2395	67.498
3492.491	59.0488
3493.7424	57.646
3494.9939	79.2751
3496.2454	64.3835
3497.4971	64.7295
3498.7485	39.1555
3500	56.3164
