400	107.0884
401.2515	103.5657
402.503	95.3182
403.7545	93.2911
405.0061	96.5928
406.2576	109.015
407.5091	120.2325
408.7606	118.8
410.0121	117.007
411.2636	117.2921
412.5151	119.6855
413.7667	128.456
415.0182	123.9334
416.2697	133.4599
417.5212	134.331
418.7727	144.5741
420.0242	156.7596
421.2757	164.7842
422.5273	179.098
423.7788	204.578
425.0303	222.7669
426.2818	256.1466
427.5333	297.1176
428.7848	349.9613
430.0363	424.097
431.2878	535.4432
432.5394	712.2277
433.7909	932.2278
435.0424	1151.2716
436.2939	1258.0168
437.5454	1218.6237
438.7969	1061.63
440.0484	854.6559
441.3	665.8814
442.5515	490.8187
443.803	400.5812
445.0545	328.8452
446.306	284.5497
447.5575	251.7182
448.809	215.495
450.0606	186.332
451.3121	177.6274
452.5636	166.452
453.8151	158.4026
455.0666	151.1544
456.3181	140.8056
457.5696	130.846
458.8212	126.3679
460.0727	118.1414
461.3242	104.2918
462.5757	109.7625
463.8272	105.6331
465.0787	99.828
466.3302	97.0514
467.5818	97.6402
468.8333	102.7579
470.0848	96.4203
471.3363	94.9346
472.5878	94.8573
473.8393	94.6928
475.0908	93.3075
476.3423	92.4818
477.5939	95.5421
478.8454	101.4309
480.0969	98.7737
481.3484	103.1626
482.5999	104.2572
483.8514	104.3352
485.1029	102.8981
486.3545	102.2242
487.606	111.1549
488.8575	112.6156
490.109	123.2329
491.3605	124.9127
492.612	134.4204
493.8635	148.2032
495.1151	158.0729
496.3666	161.6032
497.6181	160.1935
498.8696	166.7625
500.1211	154.394
501.3726	142.4653
502.6241	134.6696
503.8757	126.9689
505.1272	120.779
506.3787	123.01
507.6302	108.2378
508.8817	107.5094
510.1332	99.2822
511.3847	91.7343
512.6363	87.0472
513.8878	85.8795
515.1393	86.5441
516.3908	83.0365
517.6423	84.341
518.8938	88.6187
520.1453	86.4918
521.3969	83.9709
522.6484	83.0421
523.8999	81.0866
525.1514	77.4636
526.4029	82.3978
527.6544	75.4906
528.9059	80.2586
530.1574	80.0583
531.409	75.4894
532.6605	72.6202
533.912	74.8385
535.1635	79.0848
536.415	79.6803
537.6665	74.7034
538.918	75.827
540.1696	75.2821
541.4211	72.186
542.6726	71.0041
543.9241	75.1122
545.1756	80.4338
546.4271	75.85
547.6786	72.1136
548.9302	75.3527
550.1817	73.2817
551.4332	71.5671
552.6847	72.7833
553.9362	71.8159
555.1877	66.932
556.4392	69.8258
557.6908	64.8199
558.9423	67.6733
560.1938	66.1745
561.4453	66.6818
562.6968	72.2004
563.9483	74.2593
565.1998	66.8484
566.4514	65.5952
567.7029	71.9043
568.9544	68.1534
570.2059	66.9339
571.4574	68.6852
572.7089	68.7742
573.9604	67.3623
575.2119	70.419
576.4635	69.0512
577.715	63.9283
578.9665	68.9755
580.218	71.1745
581.4695	69.1965
582.721	68.8392
583.9725	70.6461
585.2241	63.9851
586.4756	69.2338
587.7271	69.6836
588.9786	68.5015
590.2301	66.5556
591.4816	66.5315
592.7331	71.7644
593.9847	79.098
595.2362	72.6478
596.4877	68.0501
597.7392	69.2972
598.9907	69.8996
600.2422	70.2433
601.4937	72.6158
602.7453	73.7146
603.9968	70.4078
605.2483	72.3688
606.4998	71.4925
607.7513	74.0452
609.0028	69.2668
610.2543	70.0907
611.5059	70.6586
612.7574	69.6295
614.0089	71.3174
615.2604	68.7257
616.5119	66.5332
617.7634	71.9422
619.0149	69.7731
620.2665	69.7987
621.518	69.8571
622.7695	69.2863
624.021	70.1069
625.2725	70.7643
626.524	71.4246
627.7755	73.2213
629.027	73.4517
630.2786	71.6097
631.5301	72.2213
632.7816	72.2235
634.0331	68.7213
635.2846	67.3735
636.5361	71.6737
637.7876	71.1768
639.0392	66.1193
640.2907	66.8164
641.5422	69.6398
642.7937	69.2759
644.0452	66.1668
645.2967	66.5285
646.5482	73.9226
647.7998	72.708
649.0513	66.4036
650.3028	68.2161
651.5543	65.04
652.8058	63.8588
654.0573	66.3279
655.3088	66.4623
656.5604	68.3192
657.8119	73.8849
659.0634	72.2201
660.3149	69.7539
661.5664	68.6472
662.8179	68.9411
664.0694	70.7919
665.321	71.7229
666.5725	68.7472
667.824	70.3328
669.0755	65.8656
670.327	69.0738
671.5785	70.7599
672.83	74.2436
674.0816	74.3538
675.3331	69.9877
676.5846	69.6495
677.8361	78.7458
679.0876	69.6989
680.3391	74.6331
681.5906	71.5179
682.8421	71.2503
684.0937	70.9228
685.3452	71.1283
686.5967	71.8233
687.8482	68.8111
689.0997	69.4668
690.3512	68.7454
691.6027	70.9591
692.8543	72.1468
694.1058	68.4062
695.3573	69.1409
696.6088	73.369
697.8603	73.7607
699.1118	75.822
700.3633	74.9376
701.6149	65.8945
702.8664	68.3749
704.1179	68.9262
705.3694	70.6656
706.6209	72.6459
707.8724	72.7818
709.1239	72.6391
710.3755	73.6485
711.627	75.3634
712.8785	71.1934
714.13	72.8185
715.3815	71.207
716.633	69.8435
717.8845	71.8338
719.1361	72.7426
720.3876	68.6634
721.6391	73.4734
722.8906	69.7667
724.1421	72.9404
725.3936	75.327
726.6451	74.023
727.8966	69.7885
729.1482	67.7001
730.3997	71.3609
731.6512	76.612
732.9027	74.7215
734.1542	75.8327
735.4057	80.5644
736.6572	81.1647
737.9088	77.3047
739.1603	74.8014
740.4118	74.8454
741.6633	76.0866
742.9148	80.3692
744.1663	79.8552
745.4178	76.3618
746.6694	77.3415
747.9209	82.9931
749.1724	78.2642
750.4239	75.5925
751.6754	80.4154
752.9269	83.2141
754.1784	81.2957
755.43	77.0813
756.6815	81.0847
757.933	84.6343
759.1845	84.2334
760.436	82.1396
761.6875	84.6884
762.939	90.7749
764.1906	93.0327
765.4421	89.6502
766.6936	89.5969
767.9451	95.4358
769.1966	90.4635
770.4481	90.902
771.6996	92.269
772.9512	96.6091
774.2027	104.3027
775.4542	107.6895
776.7057	103.1582
777.9572	117.4351
779.2087	117.4351
780.4602	113.3794
781.7117	119.7095
782.9633	123.1116
784.2148	128.39
785.4663	132.3694
786.7178	138.0569
787.9693	158.9157
789.2208	167.808
790.4723	169.5924
791.7239	198.316
792.9754	201.3703
794.2269	200.6596
795.4784	191.924
796.7299	183.8035
797.9814	176.2152
799.2329	157.8195
800.4845	151.1019
801.736	155.0628
802.9875	143.2453
804.239	154.0309
805.4905	155.0197
806.742	150.3271
807.9935	150.9977
809.2451	156.0809
810.4966	157.8342
811.7481	156.4987
812.9996	154.464
814.2511	179.2748
815.5026	178.17
816.7541	176.855
818.0057	183.1604
819.2572	191.0536
820.5087	199.8017
821.7602	208.2072
823.0117	214.1086
824.2632	238.9033
825.5147	287.4529
826.7662	300.8637
828.0178	351.4964
829.2693	434.4045
830.5208	533.2684
831.7723	629.9843
833.0238	696.3472
834.2753	703.3455
835.5268	654.0629
836.7784	609.2814
838.0299	597.6356
839.2814	616.4525
840.5329	689.753
841.7844	778.2663
843.0359	883.1894
844.2874	922.0566
845.539	832.3837
846.7905	671.7146
848.042	513.1394
849.2935	401.6069
850.545	319.7033
851.7965	272.0255
853.048	245.4526
854.2996	216.3062
855.5511	189.1197
856.8026	176.6248
858.0541	173.0581
859.3056	161.3198
860.5571	153.3411
861.8086	149.1367
863.0602	146.3378
864.3117	145.7421
865.5632	139.5276
866.8147	136.5751
868.0662	140.5242
869.3177	145.6069
870.5692	149.0851
871.8208	156.3596
873.0723	157.6012
874.3238	141.7689
875.5753	144.1499
876.8268	144.9224
878.0783	147.5738
879.3298	146.4463
880.5813	141.7481
881.8329	136.8017
883.0844	134.9445
884.3359	138.1882
885.5874	135.357
886.8389	134.006
888.0904	132.0157
889.3419	134.1325
890.5935	130.1974
891.845	131.7008
893.0965	124.8196
894.348	117.6563
895.5995	126.6836
896.851	127.9378
898.1025	134.7418
899.3541	135.6424
900.6056	141.4934
901.8571	137.8665
903.1086	141.4082
904.3601	150.1512
905.6116	156.8017
906.8631	159.2107
908.1147	159.4133
909.3662	160.9916
910.6177	172.755
911.8692	180.4858
913.1207	180.4652
914.3722	200.4991
915.6237	207.7477
916.8753	209.6728
918.1268	204.6898
919.3783	197.1994
920.6298	193.8004
921.8813	190.4409
923.1328	187.9545
924.3843	183.7163
925.6358	189.9834
926.8874	190.6713
928.1389	186.3946
929.3904	200.1535
930.6419	205.4046
931.8934	199.4457
933.1449	202.4388
934.3964	214.0014
935.648	209.0438
936.8995	181.0745
938.151	189.2163
939.4025	186.9164
940.654	174.0023
941.9055	162.4723
943.157	160.4972
944.4086	155.2141
945.6601	145.3534
946.9116	136.5623
948.1631	124.3974
949.4146	125.9792
950.6661	124.6224
951.9176	119.2578
953.1692	127.4345
954.4207	123.9115
955.6722	112.3687
956.9237	112.6483
958.1752	113.0968
959.4267	108.2972
960.6782	111.0661
961.9298	110.3542
963.1813	112.5508
964.4328	110.5121
965.6843	104.7635
966.9358	107.8324
968.1873	111.3822
969.4388	109.2356
970.6904	104.8387
971.9419	102.6087
973.1934	102.027
974.4449	101.3346
975.6964	102.4257
976.9479	102.3936
978.1994	112.9995
979.4509	111.4814
980.7025	107.5458
981.954	110.1251
983.2055	110.0522
984.457	107.7077
985.7085	105.7912
986.96	109.0711
988.2115	118.2284
989.4631	114.2905
990.7146	122.5586
991.9661	118.9231
993.2176	116.5032
994.4691	114.2698
995.7206	123.2097
996.9721	125.6244
998.2237	126.95
999.4752	131.7091
1000.7267	133.1972
1001.9782	134.0091
1003.2297	143.6771
1004.4812	138.7063
1005.7327	143.711
1006.9843	136.0115
1008.2358	147.6985
1009.4873	157.2655
1010.7388	156.2083
1011.9903	159.5378
1013.2418	168.1361
1014.4933	173.8325
1015.7449	180.4327
1016.9964	192.5108
1018.2479	211.3386
1019.4994	222.0566
1020.7509	224.4114
1022.0024	246.0436
1023.2539	262.4003
1024.5055	262.4768
1025.757	256.2254
1027.0085	249.3362
1028.26	236.9484
1029.5115	223.9216
1030.763	226.5323
1032.0145	226.7556
1033.266	227.4883
1034.5176	219.4464
1035.7691	225.2978
1037.0206	233.9417
1038.2721	265.8278
1039.5236	288.5424
1040.7751	295.2851
1042.0266	312.5457
1043.2782	335.458
1044.5297	324.6029
1045.7812	297.464
1047.0327	283.4778
1048.2842	259.9346
1049.5357	249.4755
1050.7872	227.2104
1052.0388	223.6005
1053.2903	219.0292
1054.5418	207.304
1055.7933	205.3284
1057.0448	212.7007
1058.2963	213.8654
1059.5478	214.4968
1060.7994	218.1553
1062.0509	220.1088
1063.3024	224.6217
1064.5539	261.2041
1065.8054	262.0753
1067.0569	276.329
1068.3084	298.8069
1069.56	329.2909
1070.8115	357.622
1072.063	378.2686
1073.3145	392.3777
1074.566	387.5726
1075.8175	390.9439
1077.069	380.9618
1078.3205	338.2732
1079.5721	333.8774
1080.8236	324.4891
1082.0751	302.8179
1083.3266	286.1837
1084.5781	273.4893
1085.8296	263.9322
1087.0811	260.2716
1088.3327	265.0421
1089.5842	280.0275
1090.8357	279.7003
1092.0872	280.6172
1093.3387	290.0242
1094.5902	304.2874
1095.8417	322.8773
1097.0933	334.5845
1098.3448	341.2223
1099.5963	323.5785
1100.8478	313.8407
1102.0993	318.7892
1103.3508	307.1213
1104.6023	295.5944
1105.8539	276.7677
1107.1054	285.0089
1108.3569	292.593
1109.6084	300.9019
1110.8599	304.8887
1112.1114	319.4823
1113.3629	330.7115
1114.6145	333.9638
1115.866	340.4878
1117.1175	350.5583
1118.369	361.7362
1119.6205	380.9459
1120.872	391.1154
1122.1235	368.754
1123.3751	381.4102
1124.6266	371.9587
1125.8781	359.8455
1127.1296	348.5559
1128.3811	343.4692
1129.6326	332.2324
1130.8841	328.6402
1132.1356	328.8013
1133.3872	320.3683
1134.6387	317.18
1135.8902	326.9064
1137.1417	314.692
1138.3932	336.1941
1139.6447	362.291
1140.8962	368.3221
1142.1478	402.3294
1143.3993	431.1916
1144.6508	492.4396
1145.9023	554.4326
1147.1538	622.7248
1148.4053	692.0106
1149.6568	763.116
1150.9084	829.9744
1152.1599	838.5413
1153.4114	833.8543
1154.6629	723.8606
1155.9144	653.6359
1157.1659	541.4611
1158.4174	456.6725
1159.669	370.9373
1160.9205	336.0231
1162.172	299.463
1163.4235	262.2916
1164.675	242.8747
1165.9265	230.1523
1167.178	213.995
1168.4296	200.5406
1169.6811	192.0883
1170.9326	182.971
1172.1841	175.798
1173.4356	171.4234
1174.6871	165.9358
1175.9386	161.1366
1177.1901	164.3884
1178.4417	161.6652
1179.6932	155.3407
1180.9447	153.8853
1182.1962	156.3459
1183.4477	155.16
1184.6992	149.1557
1185.9507	148.8418
1187.2023	153.5748
1188.4538	142.6145
1189.7053	148.6384
1190.9568	128.7115
1192.2083	131.8613
1193.4598	127.6901
1194.7113	129.7324
1195.9629	126.6178
1197.2144	125.5854
1198.4659	124.2227
1199.7174	122.1896
1200.9689	128.1669
1202.2204	126.4568
1203.4719	122.6278
1204.7235	123.2221
1205.975	130.4158
1207.2265	130.1422
1208.478	129.7472
1209.7295	125.7769
1210.981	127.3453
1212.2325	123.3305
1213.4841	121.3892
1214.7356	124.0097
1215.9871	124.4499
1217.2386	123.1416
1218.4901	124.4351
1219.7416	122.4397
1220.9931	116.4684
1222.2447	125.1024
1223.4962	120.6914
1224.7477	122.8331
1225.9992	134.9512
1227.2507	134.3239
1228.5022	129.5424
1229.7537	136.7143
1231.0052	139.4419
1232.2568	139.8043
1233.5083	136.3946
1234.7598	129.3151
1236.0113	131.0814
1237.2628	139.9658
1238.5143	151.5385
1239.7658	153.9492
1241.0174	146.9617
1242.2689	158.3674
1243.5204	171.7639
1244.7719	186.5423
1246.0234	187.3956
1247.2749	184.6479
1248.5264	192.2348
1249.778	207.9984
1251.0295	216.8029
1252.281	214.3946
1253.5325	219.5847
1254.784	238.5376
1256.0355	243.4979
1257.287	249.1272
1258.5386	267.2514
1259.7901	302.4439
1261.0416	321.0937
1262.2931	338.0332
1263.5446	339.6356
1264.7961	333.345
1266.0476	350.1425
1267.2992	362.6804
1268.5507	366.9474
1269.8022	375.8036
1271.0537	385.6811
1272.3052	392.3535
1273.5567	394.8022
1274.8082	378.7082
1276.0597	363.1514
1277.3113	332.149
1278.5628	324.8642
1279.8143	297.482
1281.0658	279.0991
1282.3173	268.4549
1283.5688	250.4858
1284.8203	246.7541
1286.0719	233.4116
1287.3234	225.2572
1288.5749	226.5071
1289.8264	222.7492
1291.0779	219.785
1292.3294	218.3891
1293.5809	202.9248
1294.8325	209.9056
1296.084	212.9937
1297.3355	203.7933
1298.587	206.8996
1299.8385	190.4155
1301.09	180.5275
1302.3415	187.1719
1303.5931	180.3344
1304.8446	177.9883
1306.0961	170.4008
1307.3476	168.8591
1308.5991	170.0536
1309.8506	166.5743
1311.1021	160.7884
1312.3537	153.7772
1313.6052	157.6419
1314.8567	142.6212
1316.1082	147.9129
1317.3597	147.5832
1318.6112	143.8299
1319.8627	148.9293
1321.1143	148.2394
1322.3658	146.0043
1323.6173	142.7005
1324.8688	144.4476
1326.1203	139.2476
1327.3718	136.4159
1328.6233	134.9884
1329.8748	135.1467
1331.1264	140.6662
1332.3779	140.8156
1333.6294	139.5562
1334.8809	141.401
1336.1324	135.801
1337.3839	135.2153
1338.6354	145.8522
1339.887	140.841
1341.1385	139.5678
1342.39	144.4805
1343.6415	141.3844
1344.893	144.5357
1346.1445	142.5355
1347.396	135.324
1348.6476	142.7593
1349.8991	150.9596
1351.1506	149.5249
1352.4021	154.9683
1353.6536	155.3984
1354.9051	139.6102
1356.1566	139.0012
1357.4082	156.5021
1358.6597	152.5464
1359.9112	153.6611
1361.1627	158.068
1362.4142	155.8411
1363.6657	164.0541
1364.9172	160.8704
1366.1688	167.9913
1367.4203	163.484
1368.6718	170.9194
1369.9233	180.4547
1371.1748	176.196
1372.4263	170.8118
1373.6778	172.2814
1374.9294	171.6997
1376.1809	166.5509
1377.4324	174.7272
1378.6839	179.8331
1379.9354	174.7697
1381.1869	190.3266
1382.4384	178.0453
1383.6899	185.729
1384.9415	186.895
1386.193	194.9236
1387.4445	191.8796
1388.696	193.7645
1389.9475	195.5052
1391.199	188.6879
1392.4505	191.3309
1393.7021	197.9521
1394.9536	197.0548
1396.2051	204.0559
1397.4566	208.739
1398.7081	193.0145
1399.9596	202.7549
1401.2111	198.8511
1402.4627	212.039
1403.7142	213.2229
1404.9657	200.4586
1406.2172	209.5144
1407.4687	205.7509
1408.7202	219.7743
1409.9717	213.7521
1411.2233	221.6847
1412.4748	237.7102
1413.7263	240.8589
1414.9778	246.5417
1416.2293	251.5165
1417.4808	246.9815
1418.7323	247.7032
1419.9839	254.756
1421.2354	256.5762
1422.4869	262.4348
1423.7384	273.4576
1424.9899	278.4342
1426.2414	277.6899
1427.4929	297.8349
1428.7444	324.4244
1429.996	331.1059
1431.2475	337.6436
1432.499	340.085
1433.7505	374.8942
1435.002	411.1906
1436.2535	439.7035
1437.505	462.9411
1438.7566	499.0898
1440.0081	536.9696
1441.2596	589.4283
1442.5111	649.0096
1443.7626	686.3914
1445.0141	731.7745
1446.2656	780.9733
1447.5172	836.103
1448.7687	844.5038
1450.0202	879.1357
1451.2717	884.0029
1452.5232	891.4324
1453.7747	913.2781
1455.0262	881.6838
1456.2778	956.239
1457.5293	944.3586
1458.7808	949.3455
1460.0323	970.9976
1461.2838	961.2187
1462.5353	938.9728
1463.7868	893.2029
1465.0384	827.8636
1466.2899	760.9608
1467.5414	704.8591
1468.7929	660.917
1470.0444	619.0429
1471.2959	593.2844
1472.5474	565.1119
1473.799	539.2625
1475.0505	513.8199
1476.302	482.0151
1477.5535	480.1423
1478.805	459.1832
1480.0565	455.8972
1481.308	453.4259
1482.5595	428.5917
1483.8111	438.1807
1485.0626	429.8274
1486.3141	421.3422
1487.5656	427.6573
1488.8171	444.4578
1490.0686	436.7461
1491.3201	426.7661
1492.5717	434.0963
1493.8232	425.4781
1495.0747	405.5644
1496.3262	393.7267
1497.5777	365.4727
1498.8292	346.8718
1500.0807	325.9594
1501.3323	317.6703
1502.5838	316.1177
1503.8353	291.5215
1505.0868	270.7455
1506.3383	245.6133
1507.5898	260.3214
1508.8413	246.151
1510.0929	243.1035
1511.3444	230.9297
1512.5959	226.4332
1513.8474	218.042
1515.0989	220.3967
1516.3504	208.3059
1517.6019	201.987
1518.8535	203.5471
1520.105	202.6836
1521.3565	201.4807
1522.608	199.0207
1523.8595	195.6452
1525.111	194.1941
1526.3625	197.4753
1527.614	191.5975
1528.8656	185.8505
1530.1171	179.3831
1531.3686	170.3504
1532.6201	176.7192
1533.8716	178.5709
1535.1231	184.2537
1536.3746	177.6441
1537.6262	176.7332
1538.8777	180.0626
1540.1292	167.6393
1541.3807	164.1037
1542.6322	160.8916
1543.8837	161.8919
1545.1352	155.7583
1546.3868	159.5949
1547.6383	164.9351
1548.8898	158.6156
1550.1413	158.5044
1551.3928	163.522
1552.6443	155.5033
1553.8958	150.5829
1555.1474	158.3066
1556.3989	156.5421
1557.6504	156.6564
1558.9019	158.8896
1560.1534	152.3738
1561.4049	151.9144
1562.6564	154.7713
1563.908	167.5129
1565.1595	156.6488
1566.411	160.2771
1567.6625	151.755
1568.914	161.9607
1570.1655	156.2778
1571.417	153.3279
1572.6686	151.0713
1573.9201	153.5426
1575.1716	152.0997
1576.4231	147.3523
1577.6746	142.0642
1578.9261	150.5687
1580.1776	152.5253
1581.4291	145.6859
1582.6807	145.5835
1583.9322	147.2598
1585.1837	146.9351
1586.4352	144.6532
1587.6867	141.9063
1588.9382	143.4218
1590.1897	139.4051
1591.4413	139.9321
1592.6928	138.946
1593.9443	148.8895
1595.1958	149.2152
1596.4473	137.6091
1597.6988	150.026
1598.9503	144.5907
1600.2019	144.3854
1601.4534	146.2753
1602.7049	143.4888
1603.9564	142.0862
1605.2079	142.7117
1606.4594	137.2752
1607.7109	128.6415
1608.9625	140.5911
1610.214	142.043
1611.4655	138.4463
1612.717	137.5042
1613.9685	143.6007
1615.22	142.893
1616.4715	139.2976
1617.7231	135.6678
1618.9746	135.4881
1620.2261	139.9155
1621.4776	137.4045
1622.7291	139.9843
1623.9806	143.8082
1625.2321	147.7043
1626.4836	145.898
1627.7352	142.1543
1628.9867	144.7351
1630.2382	143.817
1631.4897	148.0922
1632.7412	140.0932
1633.9927	150.7628
1635.2442	143.9356
1636.4958	146.0763
1637.7473	147.3678
1638.9988	148.9443
1640.2503	150.0511
1641.5018	148.3975
1642.7533	148.2455
1644.0048	153.7192
1645.2564	149.6037
1646.5079	154.1252
1647.7594	155.059
1649.0109	153.6331
1650.2624	149.2085
1651.5139	148.1054
1652.7654	155.1864
1654.017	153.2824
1655.2685	150.8425
1656.52	149.321
1657.7715	147.4373
1659.023	150.6975
1660.2745	152.0925
1661.526	151.6523
1662.7776	151.4243
1664.0291	146.5017
1665.2806	145.5863
1666.5321	147.7894
1667.7836	147.8631
1669.0351	153.0151
1670.2866	147.5035
1671.5382	144.2933
1672.7897	143.4263
1674.0412	147.1929
1675.2927	154.7726
1676.5442	149.8169
1677.7957	151.0446
1679.0472	158.1127
1680.2987	153.4092
1681.5503	148.7774
1682.8018	147.1859
1684.0533	148.3863
1685.3048	151.5393
1686.5563	153.1737
1687.8078	154.6174
1689.0593	147.4754
1690.3109	152.5399
1691.5624	152.8519
1692.8139	152.6045
1694.0654	149.6256
1695.3169	147.0316
1696.5684	147.898
1697.8199	148.1669
1699.0715	143.5308
1700.323	142.0556
1701.5745	147.6659
1702.826	148.1883
1704.0775	144.3158
1705.329	149.8044
1706.5805	146.6323
1707.8321	149.0058
1709.0836	149.7088
1710.3351	148.4833
1711.5866	146.4876
1712.8381	144.2688
1714.0896	153.3041
1715.3411	148.1765
1716.5927	142.5429
1717.8442	156.2002
1719.0957	159.6786
1720.3472	154.6385
1721.5987	153.2134
1722.8502	159.5694
1724.1017	155.0102
1725.3532	160.617
1726.6048	166.2973
1727.8563	167.8595
1729.1078	174.7409
1730.3593	174.56
1731.6108	174.7503
1732.8623	179.0919
1734.1138	169.8655
1735.3654	168.6829
1736.6169	164.1296
1737.8684	157.6865
1739.1199	157.7366
1740.3714	161.6118
1741.6229	155.5954
1742.8744	148.5622
1744.126	150.712
1745.3775	148.531
1746.629	152.3552
1747.8805	156.7057
1749.132	150.0376
1750.3835	146.5745
1751.635	146.6377
1752.8866	156.8786
1754.1381	157.3391
1755.3896	153.7235
1756.6411	154.4516
1757.8926	159.0122
1759.1441	152.5666
1760.3956	149.4476
1761.6472	154.1403
1762.8987	134.7111
1764.1502	153.0691
1765.4017	138.9719
1766.6532	148.9105
1767.9047	148.0266
1769.1562	145.3748
1770.4078	143.8565
1771.6593	145.0971
1772.9108	142.3033
1774.1623	145.993
1775.4138	152.4529
1776.6653	149.2852
1777.9168	148.287
1779.1683	139.9064
1780.4199	140.5491
1781.6714	145.9433
1782.9229	142.3545
1784.1744	143.3462
1785.4259	151.4265
1786.6774	157.3211
1787.9289	153.6554
1789.1805	148.2738
1790.432	147.7979
1791.6835	143.8904
1792.935	141.025
1794.1865	145.4381
1795.438	144.583
1796.6895	142.8531
1797.9411	147.488
1799.1926	135.5136
1800.4441	139.6835
1801.6956	145.7117
1802.9471	156.1976
1804.1986	152.0387
1805.4501	144.4204
1806.7017	143.3555
1807.9532	147.2071
1809.2047	146.7227
1810.4562	148.2953
1811.7077	158.6149
1812.9592	156.199
1814.2107	156.9275
1815.4623	148.3466
1816.7138	145.2751
1817.9653	150.9383
1819.2168	153.1685
1820.4683	155.1358
1821.7198	153.0329
1822.9713	148.6928
1824.2229	155.9906
1825.4744	149.1471
1826.7259	153.123
1827.9774	139.2973
1829.2289	138.5078
1830.4804	156.1019
1831.7319	153.4264
1832.9834	157.2437
1834.235	157.881
1835.4865	151.6765
1836.738	158.6811
1837.9895	157.3192
1839.241	152.8823
1840.4925	155.6338
1841.744	154.4954
1842.9956	149.3495
1844.2471	150.3587
1845.4986	156.5336
1846.7501	154.6808
1848.0016	157.8412
1849.2531	162.2632
1850.5046	157.832
1851.7562	153.3059
1853.0077	155.379
1854.2592	158.0592
1855.5107	159.3914
1856.7622	164.0907
1858.0137	155.4644
1859.2652	155.8621
1860.5168	157.0359
1861.7683	159.9413
1863.0198	159.1034
1864.2713	157.1832
1865.5228	159.8447
1866.7743	149.4349
1868.0258	157.0926
1869.2774	169.1657
1870.5289	162.4842
1871.7804	157.3747
1873.0319	161.692
1874.2834	162.0856
1875.5349	173.2552
1876.7864	164.0555
1878.0379	174.0104
1879.2895	168.2696
1880.541	167.1464
1881.7925	183.5566
1883.044	170.4318
1884.2955	174.1816
1885.547	174.1703
1886.7985	163.5967
1888.0501	174.137
1889.3016	168.2016
1890.5531	154.3989
1891.8046	171.4162
1893.0561	170.4192
1894.3076	168.3973
1895.5591	167.3542
1896.8107	169.077
1898.0622	163.7608
1899.3137	180.2782
1900.5652	167.1754
1901.8167	168.4013
1903.0682	177.8449
1904.3197	163.1645
1905.5713	170.2787
1906.8228	173.0511
1908.0743	170.4295
1909.3258	165.3245
1910.5773	163.4355
1911.8288	167.9497
1913.0803	175.4338
1914.3319	165.8838
1915.5834	171.9289
1916.8349	172.0152
1918.0864	175.9386
1919.3379	176.7899
1920.5894	174.1527
1921.8409	172.9231
1923.0925	176.5041
1924.344	172.1695
1925.5955	169.2258
1926.847	170.5324
1928.0985	174.8535
1929.35	169.4376
1930.6015	180.8552
1931.853	179.1744
1933.1046	175.2565
1934.3561	178.6753
1935.6076	185.0259
1936.8591	180.3547
1938.1106	171.9414
1939.3621	173.8446
1940.6136	180.2976
1941.8652	178.5452
1943.1167	172.8105
1944.3682	176.5546
1945.6197	183.342
1946.8712	180.6054
1948.1227	178.0275
1949.3742	181.8193
1950.6258	182.8439
1951.8773	183.0341
1953.1288	181.8811
1954.3803	177.0429
1955.6318	181.6774
1956.8833	193.0163
1958.1348	188.8713
1959.3864	184.4905
1960.6379	189.4846
1961.8894	188.5134
1963.1409	184.7225
1964.3924	183.7446
1965.6439	194.0939
1966.8954	193.2007
1968.147	190.888
1969.3985	194.0769
1970.65	189.4424
1971.9015	185.9981
1973.153	190.7595
1974.4045	187.4134
1975.656	188.4274
1976.9075	183.1429
1978.1591	190.9213
1979.4106	182.5992
1980.6621	178.2243
1981.9136	192.8807
1983.1651	194.5722
1984.4166	200.8069
1985.6681	203.4913
1986.9197	201.0579
1988.1712	203.4355
1989.4227	204.0945
1990.6742	194.5144
1991.9257	195.9404
1993.1772	194.2099
1994.4287	192.3209
1995.6803	207.0119
1996.9318	213.4162
1998.1833	210.1982
1999.4348	208.3418
2000.6863	204.5327
2001.9378	195.7192
2003.1893	203.8103
2004.4409	200.1642
2005.6924	196.3996
2006.9439	203.0066
2008.1954	201.5488
2009.4469	199.1319
2010.6984	197.9492
2011.9499	199.7077
2013.2015	205.9635
2014.453	212.0547
2015.7045	208.9001
2016.956	208.263
2018.2075	208.8865
2019.459	208.5488
2020.7105	205.331
2021.9621	207.3783
2023.2136	203.2876
2024.4651	206.8838
2025.7166	207.3408
2026.9681	202.1445
2028.2196	198.6849
2029.4711	202.6309
2030.7226	211.535
2031.9742	198.8255
2033.2257	209.2985
2034.4772	217.0698
2035.7287	211.573
2036.9802	206.5405
2038.2317	203.6723
2039.4832	208.364
2040.7348	210.6145
2041.9863	209.5252
2043.2378	208.572
2044.4893	207.0573
2045.7408	215.8962
2046.9923	217.9375
2048.2438	213.0164
2049.4954	213.4713
2050.7469	215.1665
2051.9984	221.2543
2053.2499	212.8697
2054.5014	218.7014
2055.7529	208.548
2057.0044	216.4727
2058.256	226.1606
2059.5075	219.2576
2060.759	215.026
2062.0105	216.0339
2063.262	215.4694
2064.5135	220.5826
2065.765	221.6421
2067.0166	225.2479
2068.2681	219.1423
2069.5196	214.2509
2070.7711	220.5837
2072.0226	224.0279
2073.2741	227.5159
2074.5256	225.9737
2075.7771	219.2451
2077.0287	222.6917
2078.2802	232.2822
2079.5317	228.1857
2080.7832	230.2514
2082.0347	227.4788
2083.2862	227.7127
2084.5377	230.1614
2085.7893	232.4167
2087.0408	224.2811
2088.2923	223.9428
2089.5438	230.1763
2090.7953	238.6103
2092.0468	236.7292
2093.2983	230.6267
2094.5499	234.3365
2095.8014	231.8277
2097.0529	223.8438
2098.3044	228.4492
2099.5559	234.5003
2100.8074	237.001
2102.0589	240.2443
2103.3105	239.0327
2104.562	236.3683
2105.8135	224.6435
2107.065	225.6158
2108.3165	225.7611
2109.568	222.5193
2110.8195	228.333
2112.0711	226.2533
2113.3226	223.0735
2114.5741	238.818
2115.8256	244.3865
2117.0771	230.7321
2118.3286	233.5809
2119.5801	234.8833
2120.8317	236.6383
2122.0832	235.9667
2123.3347	235.5385
2124.5862	238.9341
2125.8377	220.6359
2127.0892	235.298
2128.3407	247.6399
2129.5922	249.6406
2130.8438	249.5078
2132.0953	242.7091
2133.3468	238.7632
2134.5983	232.2207
2135.8498	237.0293
2137.1013	255.4376
2138.3528	252.0405
2139.6044	248.8851
2140.8559	251.4785
2142.1074	250.2178
2143.3589	244.2739
2144.6104	261.8242
2145.8619	252.8941
2147.1134	245.0977
2148.365	249.5611
2149.6165	254.7523
2150.868	249.8641
2152.1195	253.8759
2153.371	263.1276
2154.6225	252.8785
2155.874	259.9417
2157.1256	255.7913
2158.3771	260.2092
2159.6286	256.241
2160.8801	272.6059
2162.1316	254.8457
2163.3831	262.0277
2164.6346	247.4294
2165.8862	268.5303
2167.1377	258.4567
2168.3892	264.0005
2169.6407	252.3621
2170.8922	253.8407
2172.1437	267.0162
2173.3952	279.1296
2174.6468	254.2031
2175.8983	268.1436
2177.1498	267.6764
2178.4013	274.856
2179.6528	264.1476
2180.9043	258.9332
2182.1558	266.9612
2183.4073	271.7825
2184.6589	263.6239
2185.9104	269.5619
2187.1619	276.9847
2188.4134	269.76
2189.6649	278.8776
2190.9164	275.827
2192.1679	282.1577
2193.4195	279.1085
2194.671	277.9999
2195.9225	281.7817
2197.174	282.4932
2198.4255	285.2308
2199.677	278.2688
2200.9285	273.6519
2202.1801	272.0585
2203.4316	280.5401
2204.6831	279.6707
2205.9346	278.3733
2207.1861	289.7243
2208.4376	286.4887
2209.6891	286.7305
2210.9407	286.4838
2212.1922	292.5232
2213.4437	288.9035
2214.6952	292.5688
2215.9467	301.2321
2217.1982	288.8674
2218.4497	294.3206
2219.7013	300.0654
2220.9528	314.2067
2222.2043	304.309
2223.4558	292.3681
2224.7073	300.7588
2225.9588	302.3406
2227.2103	298.5681
2228.4618	308.6071
2229.7134	304.4973
2230.9649	280.6364
2232.2164	313.2927
2233.4679	320.9739
2234.7194	304.9424
2235.9709	329.074
2237.2224	304.8619
2238.474	311.6761
2239.7255	312.4371
2240.977	316.8953
2242.2285	320.5502
2243.48	319.9068
2244.7315	309.0233
2245.983	303.1703
2247.2346	321.3128
2248.4861	322.0781
2249.7376	317.1096
2250.9891	314.8143
2252.2406	316.5338
2253.4921	323.3523
2254.7436	308.07
2255.9952	316.4951
2257.2467	318.2334
2258.4982	316.9981
2259.7497	315.8413
2261.0012	312.4019
2262.2527	321.3511
2263.5042	325.5504
2264.7558	324.5598
2266.0073	314.5809
2267.2588	306.3033
2268.5103	308.5551
2269.7618	319.9425
2271.0133	321.4255
2272.2648	316.2654
2273.5164	322.7451
2274.7679	330.8576
2276.0194	310.1935
2277.2709	311.9678
2278.5224	316.3221
2279.7739	318.9696
2281.0254	317.049
2282.2769	311.5844
2283.5285	315.1219
2284.78	312.2269
2286.0315	327.9369
2287.283	332.8589
2288.5345	324.9848
2289.786	323.1925
2291.0375	332.0328
2292.2891	335.7816
2293.5406	330.4626
2294.7921	338.924
2296.0436	336.1402
2297.2951	334.1384
2298.5466	325.3912
2299.7981	330.3473
2301.0497	340.4787
2302.3012	333.6041
2303.5527	332.5847
2304.8042	334.1759
2306.0557	331.6999
2307.3072	335.0713
2308.5587	330.3894
2309.8103	333.6289
2311.0618	343.1309
2312.3133	336.1774
2313.5648	341.0185
2314.8163	334.2751
2316.0678	327.9889
2317.3193	325.9293
2318.5709	330.6762
2319.8224	334.578
2321.0739	336.0368
2322.3254	335.3711
2323.5769	320.1793
2324.8284	329.7276
2326.0799	340.7212
2327.3314	346.6656
2328.583	321.327
2329.8345	334.0075
2331.086	339.5042
2332.3375	341.6957
2333.589	328.3158
2334.8405	322.4744
2336.092	313.7455
2337.3436	323.3806
2338.5951	318.1468
2339.8466	325.8038
2341.0981	324.7453
2342.3496	326.4964
2343.6011	332.3083
2344.8526	335.8287
2346.1042	335.9754
2347.3557	341.2009
2348.6072	329.798
2349.8587	328.3788
2351.1102	336.7167
2352.3617	339.3175
2353.6132	332.2207
2354.8648	315.4355
2356.1163	333.8032
2357.3678	338.2889
2358.6193	332.8966
2359.8708	332.2161
2361.1223	324.4813
2362.3738	336.7951
2363.6254	332.3063
2364.8769	329.3781
2366.1284	333.3695
2367.3799	340.9352
2368.6314	342.5323
2369.8829	338.1684
2371.1344	336.9691
2372.386	337.1114
2373.6375	341.0456
2374.889	339.2185
2376.1405	349.025
2377.392	334.5941
2378.6435	332.6844
2379.895	342.0209
2381.1465	338.8165
2382.3981	337.1304
2383.6496	345.9936
2384.9011	346.6884
2386.1526	344.2775
2387.4041	338.7673
2388.6556	332.3364
2389.9071	338.3939
2391.1587	350.1983
2392.4102	344.872
2393.6617	347.1949
2394.9132	337.7561
2396.1647	361.2444
2397.4162	332.9663
2398.6677	363.2398
2399.9193	340.2876
2401.1708	337.6656
2402.4223	334.2014
2403.6738	333.8393
2404.9253	345.2691
2406.1768	341.3433
2407.4283	351.7467
2408.6799	354.3126
2409.9314	347.6536
2411.1829	348.1794
2412.4344	347.2016
2413.6859	337.7305
2414.9374	347.3997
2416.1889	356.801
2417.4405	352.5345
2418.692	353.8459
2419.9435	362.6189
2421.195	369.6057
2422.4465	365.5035
2423.698	374.7541
2424.9495	366.6178
2426.201	358.2625
2427.4526	370.5456
2428.7041	369.8638
2429.9556	378.8809
2431.2071	376.2272
2432.4586	365.2733
2433.7101	366.0452
2434.9616	364.2439
2436.2132	364.5367
2437.4647	364.9104
2438.7162	365.1119
2439.9677	370.8766
2441.2192	368.0682
2442.4707	359.0585
2443.7222	364.1142
2444.9738	372.0625
2446.2253	359.6166
2447.4768	362.7508
2448.7283	371.4054
2449.9798	368.9656
2451.2313	369.9324
2452.4828	369.1747
2453.7344	363.9525
2454.9859	370.6372
2456.2374	361.7609
2457.4889	360.8098
2458.7404	359.3492
2459.9919	387.0277
2461.2434	362.9635
2462.495	374.9148
2463.7465	361.5605
2464.998	359.7913
2466.2495	374.7539
2467.501	388.2528
2468.7525	381.4314
2470.004	367.3708
2471.2556	370.7974
2472.5071	369.1579
2473.7586	367.1519
2475.0101	374.3209
2476.2616	380.9951
2477.5131	372.9758
2478.7646	376.9431
2480.0161	381.3087
2481.2677	392.9319
2482.5192	386.1864
2483.7707	378.0162
2485.0222	384.852
2486.2737	390.2189
2487.5252	387.2156
2488.7767	371.6141
2490.0283	389.1579
2491.2798	400.1573
2492.5313	391.8413
2493.7828	378.35
2495.0343	372.5786
2496.2858	377.5633
2497.5373	396.6667
2498.7889	397.1775
2500.0404	401.7651
2501.2919	412.4238
2502.5434	408.3919
2503.7949	404.6965
2505.0464	387.1046
2506.2979	377.9919
2507.5495	396.9987
2508.801	405.6462
2510.0525	404.1524
2511.304	373.8477
2512.5555	412.4016
2513.807	401.891
2515.0585	398.8324
2516.3101	414.4302
2517.5616	410.2927
2518.8131	408.2843
2520.0646	427.0065
2521.3161	437.1102
2522.5676	426.2278
2523.8191	419.882
2525.0706	417.6464
2526.3222	429.7412
2527.5737	437.1696
2528.8252	424.7743
2530.0767	429.1763
2531.3282	456.975
2532.5797	451.0108
2533.8312	453.3208
2535.0828	460.5529
2536.3343	420.8343
2537.5858	455.9861
2538.8373	443.7571
2540.0888	452.1538
2541.3403	470.1369
2542.5918	453.3885
2543.8434	449.6404
2545.0949	444.4218
2546.3464	444.9591
2547.5979	450.0507
2548.8494	446.3105
2550.1009	444.49
2551.3524	438.0576
2552.604	453.713
2553.8555	457.3568
2555.107	444.5956
2556.3585	438.9423
2557.61	450.6013
2558.8615	460.1802
2560.113	447.0811
2561.3646	460.3846
2562.6161	448.5758
2563.8676	448.8009
2565.1191	449.2001
2566.3706	443.6491
2567.6221	450.3131
2568.8736	441.3777
2570.1252	440.9804
2571.3767	436.3406
2572.6282	439.3827
2573.8797	445.6423
2575.1312	453.0506
2576.3827	447.5114
2577.6342	436.4936
2578.8857	459.391
2580.1373	448.686
2581.3888	440.9802
2582.6403	465.8421
2583.8918	454.2704
2585.1433	435.7265
2586.3948	457.2191
2587.6463	484.5393
2588.8979	482.0188
2590.1494	483.0374
2591.4009	472.5505
2592.6524	480.5958
2593.9039	484.5013
2595.1554	485.6356
2596.4069	490.9966
2597.6585	495.0298
2598.91	500.0578
2600.1615	499.1432
2601.413	493.878
2602.6645	498.334
2603.916	498.7162
2605.1675	509.6055
2606.4191	503.3123
2607.6706	503.6926
2608.9221	496.3848
2610.1736	502.6497
2611.4251	499.908
2612.6766	492.2582
2613.9281	491.5395
2615.1797	499.8885
2616.4312	503.0863
2617.6827	495.5331
2618.9342	499.7194
2620.1857	494.7289
2621.4372	511.3069
2622.6887	506.973
2623.9403	495.1089
2625.1918	491.1755
2626.4433	510.4777
2627.6948	498.3215
2628.9463	492.7864
2630.1978	495.9269
2631.4493	487.996
2632.7008	486.2537
2633.9524	487.2904
2635.2039	487.1345
2636.4554	489.2189
2637.7069	489.1963
2638.9584	491.0396
2640.2099	481.7234
2641.4614	489.0166
2642.713	496.9377
2643.9645	498.9504
2645.216	495.0019
2646.4675	498.6252
2647.719	498.8775
2648.9705	493.0038
2650.222	494.5789
2651.4736	490.4422
2652.7251	479.1036
2653.9766	489.4208
2655.2281	478.4987
2656.4796	490.1669
2657.7311	483.2527
2658.9826	487.8391
2660.2342	478.4732
2661.4857	475.1828
2662.7372	496.2822
2663.9887	492.9747
2665.2402	483.7574
2666.4917	473.7699
2667.7432	479.5867
2668.9948	494.0817
2670.2463	488.1602
2671.4978	495.9175
2672.7493	505.3162
2674.0008	512.5844
2675.2523	512.2817
2676.5038	510.0606
2677.7553	524.3735
2679.0069	549.0759
2680.2584	555.6485
2681.5099	572.7852
2682.7614	601.4856
2684.0129	625.7578
2685.2644	675.2868
2686.5159	719.1921
2687.7675	793.2369
2689.019	885.5998
2690.2705	983.3082
2691.522	1111.9453
2692.7735	1234.7545
2694.025	1259.4923
2695.2765	1293.9138
2696.5281	1277.7378
2697.7796	1234.9235
2699.0311	1163.1609
2700.2826	1124.1882
2701.5341	1081.5477
2702.7856	1056.578
2704.0371	1037.2252
2705.2887	1027.2482
2706.5402	1032.7407
2707.7917	1049.2692
2709.0432	1020.098
2710.2947	1006.2321
2711.5462	1009.9109
2712.7977	989.1762
2714.0493	950.045
2715.3008	933.848
2716.5523	924.324
2717.8038	915.1703
2719.0553	920.0258
2720.3068	936.673
2721.5583	948.9542
2722.8099	989.2158
2724.0614	1039.7299
2725.3129	1114.3376
2726.5644	1175.7473
2727.8159	1263.7068
2729.0674	1352.1011
2730.3189	1449.0427
2731.5704	1478.719
2732.822	1505.6429
2734.0735	1478.6361
2735.325	1449.8643
2736.5765	1376.4005
2737.828	1312.6315
2739.0795	1244.52
2740.331	1173.7543
2741.5826	1118.2715
2742.8341	1092.0913
2744.0856	1063.405
2745.3371	1059.2111
2746.5886	1060.0095
2747.8401	1095.9104
2749.0916	1113.2234
2750.3432	1171.5105
2751.5947	1205.2422
2752.8462	1244.9799
2754.0977	1255.9384
2755.3492	1255.4221
2756.6007	1257.3057
2757.8522	1238.7091
2759.1038	1226.7556
2760.3553	1240.6348
2761.6068	1239.9624
2762.8583	1228.0725
2764.1098	1240.6013
2765.3613	1277.0974
2766.6128	1274.2377
2767.8644	1319.6649
2769.1159	1375.9951
2770.3674	1423.7385
2771.6189	1489.153
2772.8704	1541.9059
2774.1219	1594.1353
2775.3734	1657.848
2776.6249	1673.0387
2777.8765	1653.7279
2779.128	1627.4366
2780.3795	1565.6824
2781.631	1513.7239
2782.8825	1427.6349
2784.134	1404.9379
2785.3855	1428.6017
2786.6371	1400.1986
2787.8886	1409.9049
2789.1401	1450.6494
2790.3916	1478.4388
2791.6431	1553.4404
2792.8946	1661.9132
2794.1461	1765.9037
2795.3977	1939.8608
2796.6492	2109.5261
2797.9007	2343.6809
2799.1522	2620.7117
2800.4037	2893.0354
2801.6552	3155.8352
2802.9067	3381.821
2804.1583	3455.157
2805.4098	3490.5234
2806.6613	3530.8296
2807.9128	3580.0383
2809.1643	3668.2185
2810.4158	3684.4243
2811.6673	3609.3318
2812.9189	3391.6829
2814.1704	3131.3789
2815.4219	2916.9446
2816.6734	2623.873
2817.9249	2404.9712
2819.1764	2230.9167
2820.4279	2066.105
2821.6795	1982.4017
2822.931	1889.3171
2824.1825	1847.3933
2825.434	1817.8931
2826.6855	1819.6492
2827.937	1766.6047
2829.1885	1864.5967
2830.44	1884.9709
2831.6916	1871.9955
2832.9431	1928.5492
2834.1946	1984.6277
2835.4461	2079.666
2836.6976	2218.8289
2837.9491	2340.9604
2839.2006	2479.4036
2840.4522	2646.9387
2841.7037	2829.0068
2842.9552	3008.6404
2844.2067	3234.884
2845.4582	3514.4792
2846.7097	3828.675
2847.9612	4103.1416
2849.2128	4531.2754
2850.4643	5001.1587
2851.7158	5528.4805
2852.9673	6057.3169
2854.2188	6548.8433
2855.4703	7006.7847
2856.7218	7344.7217
2857.9734	7597.8149
2859.2249	7747.8564
2860.4764	7902.8887
2861.7279	8108.1411
2862.9794	8363.9023
2864.2309	8663.0596
2865.4824	8970.6475
2866.734	9401.7383
2867.9855	9985.1182
2869.237	10559.6572
2870.4885	10946.6826
2871.74	11121.7578
2872.9915	10916.6377
2874.243	10408.6387
2875.4945	9848.1221
2876.7461	9029.0674
2877.9976	8470.4209
2879.2491	7861.1182
2880.5006	7271.5845
2881.7521	6750.4629
2883.0036	6297.874
2884.2551	5975.4365
2885.5067	5730.4385
2886.7582	5492.4839
2888.0097	5213.1963
2889.2612	5107.5034
2890.5127	4971.7817
2891.7642	4923.9487
2893.0157	4903.8765
2894.2673	4929.4316
2895.5188	5023.5591
2896.7703	5146.3882
2898.0218	5395.0947
2899.2733	5673.3325
2900.5248	5868.9224
2901.7763	6069.2725
2903.0279	5968.7358
2904.2794	5833.1606
2905.5309	5540.1533
2906.7824	5335.709
2908.0339	5220.9224
2909.2854	5160.6602
2910.5369	5113.7544
2911.7885	5194.0776
2913.04	5260.0405
2914.2915	5419.2031
2915.543	5598.7344
2916.7945	5913.9819
2918.046	6212.7202
2919.2975	6562.3877
2920.5491	7084.9775
2921.8006	7734.73
2923.0521	8582
2924.3036	9592.9551
2925.5551	10756.0918
2926.8066	12109.5605
2928.0581	13479.5557
2929.3096	14941.5225
2930.5612	15902.5762
2931.8127	16371.667
2933.0642	16489.8652
2934.3157	16224.2344
2935.5672	15930.2559
2936.8187	15541.2432
2938.0702	14987.3701
2939.3218	14237.334
2940.5733	13026.5254
2941.8248	11614.2207
2943.0763	10193.0791
2944.3278	8934.7637
2945.5793	8020.8682
2946.8308	7298.2788
2948.0824	6812.9019
2949.3339	6547.4863
2950.5854	6352.0034
2951.8369	6140.543
2953.0884	5993.1079
2954.3399	5871.5933
2955.5914	5715.9487
2956.843	5408.1279
2958.0945	5034.8335
2959.346	4687.5615
2960.5975	4417.4829
2961.849	4291.4736
2963.1005	4145.3345
2964.352	4064.0159
2965.6036	4068.1792
2966.8551	4119.4868
2968.1066	4216.1787
2969.3581	4393.915
2970.6096	4598.5684
2971.8611	4843.2529
2973.1126	5125.1172
2974.3642	5358.4209
2975.6157	5535.9443
2976.8672	5738.4277
2978.1187	5824.1943
2979.3702	5844.5923
2980.6217	5808.8086
2981.8732	5711.7476
2983.1247	5588.7524
2984.3763	5454.8179
2985.6278	5140.6816
2986.8793	4827.5757
2988.1308	4445.9277
2989.3823	4103.1206
2990.6338	3751.8823
2991.8853	3417.52
2993.1369	3095.2371
2994.3884	2890.5571
2995.6399	2670.1863
2996.8914	2516.0518
2998.1429	2325.9438
2999.3944	2176.1343
3000.6459	2058.7749
3001.8975	1968.5566
3003.149	1872.2761
3004.4005	1770.6323
3005.652	1701.1073
3006.9035	1631.1759
3008.155	1556.3969
3009.4065	1494.3473
3010.6581	1424.8544
3011.9096	1372.7178
3013.1611	1327.4828
3014.4126	1292.9822
3015.6641	1267.7113
3016.9156	1241.1821
3018.1671	1197.3929
3019.4187	1139.4961
3020.6702	1127.9406
3021.9217	1129.8336
3023.1732	1112.5282
3024.4247	1073.1859
3025.6762	1025.4677
3026.9277	1017.0352
3028.1792	997.7238
3029.4308	959.1766
3030.6823	968.1945
3031.9338	941.108
3033.1853	929.0223
3034.4368	894.9615
3035.6883	884.0198
3036.9398	880.2774
3038.1914	883.7676
3039.4429	853.2816
3040.6944	810.4575
3041.9459	798.1907
3043.1974	797.1553
3044.4489	800.1151
3045.7004	785.1566
3046.952	769.7312
3048.2035	753.8163
3049.455	751.1783
3050.7065	735.3526
3051.958	716.0508
3053.2095	707.0142
3054.461	720.7847
3055.7126	699.171
3056.9641	711.7806
3058.2156	705.1285
3059.4671	679.5399
3060.7186	671.7563
3061.9701	671.5551
3063.2216	660.2153
3064.4732	664.225
3065.7247	665.0713
3066.9762	645.8343
3068.2277	637.4532
3069.4792	656.3141
3070.7307	643.1337
3071.9822	648.4677
3073.2338	625.5486
3074.4853	628.7427
3075.7368	635.4211
3076.9883	627.3389
3078.2398	618.1649
3079.4913	620.8462
3080.7428	617.6961
3081.9943	596.4968
3083.2459	603.9225
3084.4974	603.6018
3085.7489	605.7324
3087.0004	605.8066
3088.2519	621.0288
3089.5034	574.8527
3090.7549	601.6782
3092.0065	622.387
3093.258	603.4341
3094.5095	582.8268
3095.761	579.8138
3097.0125	581.0329
3098.264	574.4438
3099.5155	584.8105
3100.7671	571.646
3102.0186	569.7106
3103.2701	576.7906
3104.5216	560.1791
3105.7731	563.8956
3107.0246	557.745
3108.2761	576.2665
3109.5277	567.9939
3110.7792	544.7076
3112.0307	559.9213
3113.2822	544.9512
3114.5337	547.8536
3115.7852	534.381
3117.0367	538.8708
3118.2883	537.7864
3119.5398	532.4231
3120.7913	539.5685
3122.0428	516.7131
3123.2943	513.6895
3124.5458	525.7181
3125.7973	506.1633
3127.0488	513.5166
3128.3004	507.087
3129.5519	499.063
3130.8034	511.2858
3132.0549	501.496
3133.3064	488.0756
3134.5579	480.5452
3135.8094	508.6843
3137.061	466.7889
3138.3125	487.0222
3139.564	494.2796
3140.8155	489.17
3142.067	486.1959
3143.3185	480.3227
3144.57	485.3236
3145.8216	495.0145
3147.0731	487.4121
3148.3246	506.7871
3149.5761	496.4062
3150.8276	503.1406
3152.0791	509.5717
3153.3306	499.4558
3154.5822	491.8528
3155.8337	499.062
3157.0852	492.6777
3158.3367	490.7333
3159.5882	497.0442
3160.8397	493.3623
3162.0912	482.833
3163.3428	480.4473
3164.5943	495.5699
3165.8458	497.4911
3167.0973	486.4258
3168.3488	489.2753
3169.6003	481.4799
3170.8518	486.9237
3172.1034	496.3055
3173.3549	496.024
3174.6064	479.0185
3175.8579	491.3596
3177.1094	488.3702
3178.3609	486.1609
3179.6124	489.5877
3180.8639	496.6479
3182.1155	495.0256
3183.367	497.5325
3184.6185	492.7901
3185.87	486.0742
3187.1215	504.7384
3188.373	489.585
3189.6245	498.7047
3190.8761	494.3413
3192.1276	505.1064
3193.3791	510.5295
3194.6306	507.155
3195.8821	503.4163
3197.1336	520.7989
3198.3851	481.9025
3199.6367	505.2636
3200.8882	496.263
3202.1397	504.1306
3203.3912	513.1089
3204.6427	511.5627
3205.8942	523.8046
3207.1457	516.8538
3208.3973	530.4943
3209.6488	511.3801
3210.9003	503.3989
3212.1518	501.241
3213.4033	508.9605
3214.6548	502.8067
3215.9063	517.5278
3217.1579	506.8218
3218.4094	528.614
3219.6609	499.3806
3220.9124	516.5784
3222.1639	510.4265
3223.4154	521.3672
3224.6669	517.6314
3225.9184	516.8273
3227.17	518.1901
3228.4215	507.6938
3229.673	516.4592
3230.9245	512.3276
3232.176	489.8856
3233.4275	497.0594
3234.679	509.392
3235.9306	502.0746
3237.1821	505.4709
3238.4336	491.4874
3239.6851	501.2213
3240.9366	469.3142
3242.1881	481.0547
3243.4396	484.0329
3244.6912	483.1484
3245.9427	483.2215
3247.1942	483.7783
3248.4457	465.6235
3249.6972	476.0582
3250.9487	456.6995
3252.2002	465.5237
3253.4518	465.7044
3254.7033	463.1034
3255.9548	463.8422
3257.2063	459.6252
3258.4578	487.4716
3259.7093	451.3206
3260.9608	459.1406
3262.2124	468.6117
3263.4639	461.2907
3264.7154	458.6499
3265.9669	463.7059
3267.2184	452.1585
3268.4699	465.1074
3269.7214	460.6265
3270.973	443.3934
3272.2245	454.4831
3273.476	456.9959
3274.7275	451.6764
3275.979	454.7804
3277.2305	437.6658
3278.482	450.4691
3279.7335	436.4024
3280.9851	433.4923
3282.2366	440.2775
3283.4881	430.4406
3284.7396	429.8362
3285.9911	425.4486
3287.2426	429.5184
3288.4941	451.2891
3289.7457	433.8823
3290.9972	441.1912
3292.2487	453.7852
3293.5002	428.9143
3294.7517	446.2052
3296.0032	438.9933
3297.2547	444.4037
3298.5063	455.7833
3299.7578	440.954
3301.0093	440.9554
3302.2608	452.3614
3303.5123	453.8159
3304.7638	442.7709
3306.0153	448.7474
3307.2669	427.9603
3308.5184	438.4349
3309.7699	446.9688
3311.0214	442.9629
3312.2729	434.2589
3313.5244	453.0023
3314.7759	437.0915
3316.0275	443.4897
3317.279	450.9935
3318.5305	435.3291
3319.782	431.5395
3321.0335	441.8466
3322.285	430.9456
3323.5365	423.9754
3324.7881	440.7997
3326.0396	443.4173
3327.2911	438.5927
3328.5426	439.4519
3329.7941	440.6235
3331.0456	460.7096
3332.2971	447.2747
3333.5486	438.0684
3334.8002	432.0657
3336.0517	430.8188
3337.3032	449.9159
3338.5547	434.8502
3339.8062	446.6353
3341.0577	411.2136
3342.3092	427.5523
3343.5608	451.1266
3344.8123	449.5195
3346.0638	439.9743
3347.3153	440.5692
3348.5668	446.6895
3349.8183	425.7916
3351.0698	450.4743
3352.3214	453.455
3353.5729	447.837
3354.8244	439.8825
3356.0759	447.782
3357.3274	456.8788
3358.5789	436.1432
3359.8304	444.0329
3361.082	445.9878
3362.3335	441.5999
3363.585	438.2337
3364.8365	426.4386
3366.088	460.2954
3367.3395	443.8312
3368.591	432.2317
3369.8426	438.9729
3371.0941	452.499
3372.3456	433.6974
3373.5971	449.9621
3374.8486	443.8018
3376.1001	436.0785
3377.3516	455.2985
3378.6031	449.5064
3379.8547	428.1994
3381.1062	432.5089
3382.3577	439.9774
3383.6092	438.8878
3384.8607	427.0446
3386.1122	451.2032
3387.3637	440.8802
3388.6153	455.8243
3389.8668	450.9949
3391.1183	441.5917
3392.3698	443.5402
3393.6213	452.6002
3394.8728	448.504
3396.1243	447.2339
3397.3759	431.5631
3398.6274	452.4665
3399.8789	438.4988
3401.1304	453.9953
3402.3819	455.7373
3403.6334	437.4098
3404.8849	442.2639
3406.1365	456.6122
3407.388	445.4158
3408.6395	454.0943
3409.891	462.9054
3411.1425	443.9892
3412.394	463.1338
3413.6455	465.6683
3414.8971	460.1001
3416.1486	475.1639
3417.4001	462.2059
3418.6516	471.8613
3419.9031	463.6336
3421.1546	461.7895
3422.4061	453.8416
3423.6577	468.8266
3424.9092	492.1122
3426.1607	480.4412
3427.4122	462.174
3428.6637	460.2975
3429.9152	460.2292
3431.1667	469.2306
3432.4182	461.6268
3433.6698	489.9711
3434.9213	448.3033
3436.1728	474.09
3437.4243	471.3557
3438.6758	462.5052
3439.9273	456.5507
3441.1788	463.7701
3442.4304	480.2208
3443.6819	466.4112
3444.9334	483.8984
3446.1849	475.3873
3447.4364	474.477
3448.6879	482.2399
3449.9394	457.342
3451.191	496.606
3452.4425	461.4868
3453.694	467.7991
3454.9455	482.3071
3456.197	474.2676
3457.4485	494.0139
3458.7	466.3912
3459.9516	469.9215
3461.2031	473.7411
3462.4546	479.6332
3463.7061	478.8535
3464.9576	459.6737
3466.2091	453.5752
3467.4606	471.9222
3468.7122	484.4137
3469.9637	486.2636
3471.2152	476.8368
3472.4667	485.7418
3473.7182	479.5017
3474.9697	484.0633
3476.2212	479.5511
3477.4727	489.8783
3478.7243	489.3758
3479.9758	494.8414
3481.2273	500.5857
3482.4788	492.9565
3483.7303	487.1469
3484.9818	495.3809
3486.2333	484.5831
3487.4849	469.3032
3488.7364	483.661
3489.9879	497.2001
3491.2394	498.4154
3492.4909	488.0329
3493.7424	470.2919
3494.9939	489.041
3496.2455	503.6037
3497.497	498.3718
3498.7485	513.7276
3500	504.2201
