400	24.2576
401.2515	25.8291
402.503	21.9484
403.7545	30.6056
405.0061	19.1536
406.2576	14.4205
407.5091	18.7109
408.7606	14.7134
410.0121	20.4917
411.2636	26.0097
412.5151	18.8225
413.7667	12.2231
415.0182	19.0488
416.2697	11.9456
417.5212	20.8494
418.7727	20.5481
420.0242	15.8532
421.2757	12.3361
422.5273	3.7445
423.7788	10.7031
425.0303	2.3317
426.2818	0.8183
427.5333	5.9812
428.7848	9.2431
430.0363	9.9185
431.2878	14.1657
432.5394	18.9999
433.7909	21.5907
435.0424	12.9128
436.2939	10.2327
437.5454	11.1416
438.7969	18.2551
440.0484	30.5498
441.3	29.5982
442.5515	15.0632
443.803	8.2701
445.0545	16.717
446.306	26.5323
447.5575	26.4292
448.809	21.8498
450.0606	29.6431
451.3121	35.7899
452.5636	29.5894
453.8151	47.8138
455.0666	57.6158
456.3181	65.813
457.5696	83.4185
458.8212	108.8029
460.0727	134.2838
461.3242	160.8419
462.5757	154.3612
463.8272	135.2882
465.0787	111.4454
466.3302	89.9485
467.5818	74.5049
468.8333	60.9833
470.0848	39.8253
471.3363	47.1581
472.5878	35.0374
473.8393	39.6354
475.0908	48.0324
476.3423	48.8337
477.5939	49.3063
478.8454	37.7369
480.0969	46.8399
481.3484	36.5139
482.5999	39.7464
483.8514	41.7191
485.1029	40.6372
486.3545	42.1282
487.606	40.2737
488.8575	45.2675
490.109	59.1505
491.3605	50.7524
492.612	50.3167
493.8635	52.0994
495.1151	50.4139
496.3666	50.6568
497.6181	45.7102
498.8696	68.3806
500.1211	72.7131
501.3726	88.7071
502.6241	104.7838
503.8757	113.2402
505.1272	122.3638
506.3787	148.1336
507.6302	181.2472
508.8817	229.5974
510.1332	289.4374
511.3847	382.885
512.6363	516.5046
513.8878	754.3444
515.1393	1206.1531
516.3908	1939.6855
517.6423	2812.7695
518.8938	2933.2542
520.1453	2266.2751
521.3969	1455.739
522.6484	860.7743
523.8999	526.6747
525.1514	353.1688
526.4029	283.7273
527.6544	228.2949
528.9059	198.8368
530.1574	155.409
531.409	123.5949
532.6605	111.2945
533.912	106.8279
535.1635	98.1831
536.415	78.9258
537.6665	67.556
538.918	71.7986
540.1696	75.4934
541.4211	76.1725
542.6726	73.3544
543.9241	69.5298
545.1756	70.3773
546.4271	55.5388
547.6786	65.4411
548.9302	60.5295
550.1817	52.5907
551.4332	52.6123
552.6847	59.245
553.9362	59.3645
555.1877	42.8615
556.4392	55.0128
557.6908	58.4143
558.9423	56.0992
560.1938	53.2206
561.4453	51.4803
562.6968	43.6225
563.9483	30.2389
565.1998	42.1228
566.4514	60.9927
567.7029	58.8538
568.9544	47.7793
570.2059	52.895
571.4574	57.998
572.7089	53.7894
573.9604	52.3885
575.2119	51.0901
576.4635	56.9299
577.715	50.6182
578.9665	48.3005
580.218	55.5637
581.4695	56.247
582.721	51.3988
583.9725	58.7163
585.2241	64.8686
586.4756	65.7434
587.7271	75.9153
588.9786	82.7476
590.2301	67.1612
591.4816	62.2228
592.7331	68.7639
593.9847	57.7032
595.2362	71.8985
596.4877	86.2795
597.7392	79.8212
598.9907	79.0241
600.2422	94.8365
601.4937	104.745
602.7453	110.2384
603.9968	129.0533
605.2483	133.6785
606.4998	163.4713
607.7513	177.9847
609.0028	213.956
610.2543	238.9785
611.5059	273.5016
612.7574	335.8735
614.0089	415.8383
615.2604	497.2355
616.5119	588.7231
617.7634	665.8898
619.0149	753.4284
620.2665	780.9831
621.518	731.7509
622.7695	640.8737
624.021	545.8888
625.2725	448.1976
626.524	377.6135
627.7755	318.3217
629.027	231.6432
630.2786	201.5108
631.5301	189.6916
632.7816	172.509
634.0331	157.9614
635.2846	148.1661
636.5361	130.8921
637.7876	129.1981
639.0392	119.5361
640.2907	115.5769
641.5422	109.5711
642.7937	102.8483
644.0452	96.6963
645.2967	89
646.5482	89.6398
647.7998	99.6869
649.0513	86.8781
650.3028	86.3303
651.5543	81.8821
652.8058	79.5038
654.0573	77.5441
655.3088	72.8061
656.5604	82.5597
657.8119	74.9752
659.0634	85.9599
660.3149	84.7716
661.5664	83.7905
662.8179	76.7333
664.0694	74.4705
665.321	82.5207
666.5725	85.3326
667.824	90.3267
669.0755	87.6808
670.327	89.2737
671.5785	87.7064
672.83	91.3801
674.0816	93.5877
675.3331	86.4929
676.5846	74.9398
677.8361	73.4589
679.0876	79.6382
680.3391	107.181
681.5906	96.3388
682.8421	99.6479
684.0937	96.2673
685.3452	91.7534
686.5967	92.9694
687.8482	83.8162
689.0997	105.2564
690.3512	93.0468
691.6027	120.2179
692.8543	124.8507
694.1058	119.3214
695.3573	110.4118
696.6088	104.123
697.8603	106.0788
699.1118	109.4342
700.3633	93.863
701.6149	121.1567
702.8664	121.5088
704.1179	108.3383
705.3694	110.7258
706.6209	122.8539
707.8724	126.7795
709.1239	120.5641
710.3755	114.7939
711.627	114.5118
712.8785	120.2212
714.13	127.6138
715.3815	128.0018
716.633	121.2601
717.8845	129.2016
719.1361	156.6342
720.3876	175.8159
721.6391	186.5009
722.8906	204.1557
724.1421	227.2184
725.3936	265.6248
726.6451	277.2753
727.8966	298.4608
729.1482	316.1887
730.3997	298.0203
731.6512	273.3706
732.9027	245.989
734.1542	221.6658
735.4057	184.3087
736.6572	179.2843
737.9088	175.5918
739.1603	169.7603
740.4118	158.8963
741.6633	141.3822
742.9148	139.0547
744.1663	166.5839
745.4178	148.3848
746.6694	145.9568
747.9209	140.3386
749.1724	148.1443
750.4239	156.743
751.6754	158.7334
752.9269	162.2021
754.1784	166.8702
755.43	160.7245
756.6815	171.779
757.933	156.1138
759.1845	183.7957
760.436	192.323
761.6875	191.3545
762.939	200.8629
764.1906	209.6867
765.4421	211.7963
766.6936	246.2382
767.9451	239.4721
769.1966	280.3398
770.4481	315.4553
771.6996	341.1031
772.9512	398.7493
774.2027	512.0974
775.4542	692.0472
776.7057	980.0768
777.9572	1439.0198
779.2087	2137.2595
780.4602	3350.2417
781.7117	5723.4609
782.9633	9327.9434
784.2148	12503.71
785.4663	12576.0869
786.7178	9010.7852
787.9693	4717.7031
789.2208	2241.5991
790.4723	1277.2192
791.7239	911.1687
792.9754	729.357
794.2269	593.3199
795.4784	521.5485
796.7299	486.7768
797.9814	460.5099
799.2329	455.3095
800.4845	443.0372
801.736	496.1758
802.9875	489.7953
804.239	515.1708
805.4905	564.5494
806.742	590.5021
807.9935	616.3864
809.2451	637.1365
810.4966	618.494
811.7481	583.2933
812.9996	514.973
814.2511	421.0994
815.5026	367.1279
816.7541	330.962
818.0057	291.3953
819.2572	264.6345
820.5087	251.8678
821.7602	239.7971
823.0117	229.387
824.2632	231.1537
825.5147	222.2711
826.7662	227.0482
828.0178	234.2447
829.2693	231.7583
830.5208	236.1048
831.7723	253.0468
833.0238	261.9379
834.2753	260.0645
835.5268	291.8112
836.7784	328.1185
838.0299	348.1785
839.2814	377.501
840.5329	385.8149
841.7844	377.0446
843.0359	370.3566
844.2874	352.2029
845.539	323.4628
846.7905	311.9196
848.042	295.6976
849.2935	288.4575
850.545	236.9897
851.7965	226.5594
853.048	213.3336
854.2996	207.8183
855.5511	195.7619
856.8026	185.7058
858.0541	197.0218
859.3056	212.0934
860.5571	202.3646
861.8086	207.7506
863.0602	207.4915
864.3117	204.7401
865.5632	204.5914
866.8147	200.4164
868.0662	198.2616
869.3177	204.904
870.5692	212.3683
871.8208	203.7953
873.0723	182.5691
874.3238	194.251
875.5753	204.8076
876.8268	214.37
878.0783	211.0392
879.3298	202.3358
880.5813	200.9875
881.8329	209.2899
883.0844	221.0922
884.3359	230.7044
885.5874	225.5244
886.8389	235.8819
888.0904	246.7189
889.3419	250.9993
890.5935	273.6569
891.845	292.7642
893.0965	311.5471
894.348	324.1926
895.5995	314.5762
896.851	296.9442
898.1025	277.0029
899.3541	264.3951
900.6056	250.2063
901.8571	244.5736
903.1086	242.0042
904.3601	224.5735
905.6116	217.8455
906.8631	216.3483
908.1147	204.9755
909.3662	216.9904
910.6177	232.8526
911.8692	221.1186
913.1207	200.7713
914.3722	210.4412
915.6237	204.959
916.8753	195.5406
918.1268	202.1402
919.3783	211.5822
920.6298	215.1073
921.8813	227.7094
923.1328	222.0036
924.3843	199.8824
925.6358	212.1794
926.8874	216.989
928.1389	232.4193
929.3904	223.1296
930.6419	207.0772
931.8934	206.4248
933.1449	212.9687
934.3964	215.1725
935.648	226.5312
936.8995	217.4073
938.151	217.0221
939.4025	226.7328
940.654	232.9647
941.9055	231.3784
943.157	225.2868
944.4086	230.9795
945.6601	234.3412
946.9116	227.179
948.1631	239.2192
949.4146	243.0422
950.6661	228.8573
951.9176	245.1739
953.1692	242.3291
954.4207	246.6595
955.6722	263.1679
956.9237	276.0467
958.1752	286.972
959.4267	295.2007
960.6782	296.2623
961.9298	312.6295
963.1813	345.7571
964.4328	358.5179
965.6843	380.7491
966.9358	386.9599
968.1873	395.8372
969.4388	397.8643
970.6904	396.2806
971.9419	412.4151
973.1934	447.198
974.4449	466.2988
975.6964	447.9639
976.9479	423.2675
978.1994	456.7874
979.4509	464.9471
980.7025	463.2734
981.954	493.166
983.2055	524.791
984.457	557.799
985.7085	633.397
986.96	781.2611
988.2115	984.2703
989.4631	1193.5636
990.7146	1330.3379
991.9661	1403.5984
993.2176	1363.7062
994.4691	1394.2434
995.7206	1588.5004
996.9721	2135.5186
998.2237	3572.4548
999.4752	7305.9644
1000.7267	14837.582
1001.9782	25025.0586
1003.2297	31188.584
1004.4812	23647.2402
1005.7327	12165.8438
1006.9843	5570.7803
1008.2358	2819.5935
1009.4873	1725.4202
1010.7388	1241.7388
1011.9903	990.9376
1013.2418	849.4404
1014.4933	750.773
1015.7449	668.2451
1016.9964	658.8051
1018.2479	655.4719
1019.4994	698.8926
1020.7509	804.6453
1022.0024	852.083
1023.2539	924.1338
1024.5055	1117.4727
1025.757	1750.7422
1027.0085	3209.4656
1028.26	5629.1504
1029.5115	8186.0342
1030.763	8761.8955
1032.0145	5804.0811
1033.266	2892.8916
1034.5176	1447.8777
1035.7691	929.4091
1037.0206	702.1736
1038.2721	593.254
1039.5236	522.138
1040.7751	477.7009
1042.0266	457.3745
1043.2782	428.0841
1044.5297	385.4531
1045.7812	392.4944
1047.0327	377.2654
1048.2842	374.133
1049.5357	358.9737
1050.7872	343.7415
1052.0388	334.3152
1053.2903	327.8696
1054.5418	295.3056
1055.7933	278.653
1057.0448	293.326
1058.2963	297.9329
1059.5478	295.2492
1060.7994	283.376
1062.0509	296.214
1063.3024	287.4283
1064.5539	298.9023
1065.8054	296.336
1067.0569	277.761
1068.3084	253.049
1069.56	261.4243
1070.8115	279.7424
1072.063	279.6734
1073.3145	276.5588
1074.566	266.0094
1075.8175	266.3773
1077.069	309.5142
1078.3205	285.3867
1079.5721	288.9933
1080.8236	317.4349
1082.0751	329.0057
1083.3266	317.3082
1084.5781	302.4654
1085.8296	299.4465
1087.0811	292.5148
1088.3327	276.6012
1089.5842	289.6624
1090.8357	299.7269
1092.0872	275.2392
1093.3387	265.6013
1094.5902	242.6377
1095.8417	245.7649
1097.0933	266.9213
1098.3448	284.2766
1099.5963	282.494
1100.8478	271.9999
1102.0993	273.2768
1103.3508	284.838
1104.6023	289.0011
1105.8539	293.627
1107.1054	282.138
1108.3569	289.5897
1109.6084	279.4447
1110.8599	268.2162
1112.1114	273.4105
1113.3629	289.489
1114.6145	274.5913
1115.866	261.5845
1117.1175	264.8362
1118.369	261.8184
1119.6205	262.6719
1120.872	267.6325
1122.1235	279.1144
1123.3751	275.433
1124.6266	273.5887
1125.8781	289.6356
1127.1296	296.9277
1128.3811	290.8695
1129.6326	285.9644
1130.8841	292.0267
1132.1356	299.0454
1133.3872	295.051
1134.6387	295.1463
1135.8902	310.9466
1137.1417	298.4427
1138.3932	336.2548
1139.6447	343.7952
1140.8962	339.9648
1142.1478	338.1218
1143.3993	358.5297
1144.6508	371.1026
1145.9023	396.1671
1147.1538	442.986
1148.4053	495.1476
1149.6568	550.4042
1150.9084	619.4492
1152.1599	694.6705
1153.4114	786.5016
1154.6629	909.2455
1155.9144	953.3616
1157.1659	914.2251
1158.4174	878.0247
1159.669	794.9627
1160.9205	719.4826
1162.172	649.5672
1163.4235	597.4774
1164.675	555.5923
1165.9265	520.6246
1167.178	506.0133
1168.4296	492.8164
1169.6811	480.9528
1170.9326	492.9802
1172.1841	484.9465
1173.4356	527.7342
1174.6871	568.588
1175.9386	628.9965
1177.1901	706.795
1178.4417	786.6886
1179.6932	837.0591
1180.9447	815.8997
1182.1962	748.6799
1183.4477	683.4236
1184.6992	620.6068
1185.9507	594.4408
1187.2023	569.5075
1188.4538	546.1351
1189.7053	530.8436
1190.9568	520.7894
1192.2083	516.6364
1193.4598	522.364
1194.7113	554.7227
1195.9629	578.2972
1197.2144	604.5043
1198.4659	671.7662
1199.7174	749.0745
1200.9689	808.3705
1202.2204	927.463
1203.4719	1138.9756
1204.7235	1555.7006
1205.975	2100.3628
1207.2265	3297.7258
1208.478	5165.7451
1209.7295	6997.6016
1210.981	8002.6104
1212.2325	7127.3286
1213.4841	4974.5913
1214.7356	2949.2891
1215.9871	1716.8065
1217.2386	1109.5166
1218.4901	827.6638
1219.7416	672.1744
1220.9931	579.5931
1222.2447	526.395
1223.4962	481.0057
1224.7477	451.6959
1225.9992	408.688
1227.2507	371.9218
1228.5022	375.3706
1229.7537	374.7482
1231.0052	360.8521
1232.2568	348.0156
1233.5083	341.8468
1234.7598	335.6199
1236.0113	326.7451
1237.2628	322.6128
1238.5143	325.1966
1239.7658	342.2676
1241.0174	342.0783
1242.2689	324.7864
1243.5204	331.0695
1244.7719	338.1192
1246.0234	370.6904
1247.2749	356.527
1248.5264	346.9108
1249.778	339.928
1251.0295	345.1789
1252.281	340.8939
1253.5325	310.7596
1254.784	298.5187
1256.0355	286.2284
1257.287	283.3542
1258.5386	283.7182
1259.7901	301.416
1261.0416	280.7318
1262.2931	308.3383
1263.5446	289.3202
1264.7961	282.6935
1266.0476	276.8143
1267.2992	280.14
1268.5507	277.9906
1269.8022	265.98
1271.0537	255.4016
1272.3052	255.1418
1273.5567	269.0081
1274.8082	283.1278
1276.0597	280.2041
1277.3113	258.7486
1278.5628	288.7068
1279.8143	266.221
1281.0658	269.5449
1282.3173	277.2592
1283.5688	277.3608
1284.8203	261.012
1286.0719	261.6616
1287.3234	263.5887
1288.5749	254.5904
1289.8264	260.4251
1291.0779	276.7982
1292.3294	274.3621
1293.5809	273.7402
1294.8325	274.4327
1296.084	271.5862
1297.3355	264.149
1298.587	273.5157
1299.8385	266.2193
1301.09	279.323
1302.3415	275.616
1303.5931	282.53
1304.8446	295.0844
1306.0961	305.7515
1307.3476	324.636
1308.5991	319.8692
1309.8506	311.4523
1311.1021	335.6814
1312.3537	340.6384
1313.6052	330.9519
1314.8567	345.9141
1316.1082	337.6134
1317.3597	343.7424
1318.6112	306.2787
1319.8627	336.7683
1321.1143	305.4312
1322.3658	313.743
1323.6173	307.8384
1324.8688	310.3723
1326.1203	328.0831
1327.3718	332.8141
1328.6233	341.8088
1329.8748	361.5094
1331.1264	372.6437
1332.3779	374.3605
1333.6294	365.6605
1334.8809	385.2022
1336.1324	359.7348
1337.3839	338.3015
1338.6354	327.962
1339.887	318.5479
1341.1385	298.3983
1342.39	301.3351
1343.6415	302.0518
1344.893	309.8593
1346.1445	309.2562
1347.396	311.7212
1348.6476	300.3862
1349.8991	289.6924
1351.1506	300.2924
1352.4021	312.7479
1353.6536	319.3094
1354.9051	322.3959
1356.1566	334.6906
1357.4082	336.0323
1358.6597	354.1392
1359.9112	337.8296
1361.1627	385.4142
1362.4142	374.2941
1363.6657	395.3216
1364.9172	418.6007
1366.1688	439.6791
1367.4203	454.2905
1368.6718	493.3989
1369.9233	550.5345
1371.1748	590.5582
1372.4263	635.7333
1373.6778	731.2356
1374.9294	872.043
1376.1809	1074.1119
1377.4324	1388.7554
1378.6839	1755.6576
1379.9354	2080.0686
1381.1869	2152.0588
1382.4384	1904.7161
1383.6899	1483.8444
1384.9415	1149.8403
1386.193	943.2998
1387.4445	776.3698
1388.696	715.7042
1389.9475	679.156
1391.199	650.6977
1392.4505	611.8741
1393.7021	546.0813
1394.9536	486.2172
1396.2051	452.5309
1397.4566	423.2065
1398.7081	391.3911
1399.9596	391.7373
1401.2111	382.8977
1402.4627	358.3834
1403.7142	346.8027
1404.9657	345.8572
1406.2172	342.2889
1407.4687	340.9807
1408.7202	339.3056
1409.9717	339.7273
1411.2233	349.2953
1412.4748	357.5804
1413.7263	352.8337
1414.9778	338.2297
1416.2293	350.8867
1417.4808	358.7091
1418.7323	350.9289
1419.9839	372.7308
1421.2354	379.9017
1422.4869	393.7441
1423.7384	398.1745
1424.9899	421.4958
1426.2414	426.6592
1427.4929	422.4341
1428.7444	423.4518
1429.996	427.1149
1431.2475	460.2166
1432.499	471.9861
1433.7505	482.7278
1435.002	476.7529
1436.2535	474.8261
1437.505	483.3684
1438.7566	507.685
1440.0081	518.6938
1441.2596	509.6628
1442.5111	503.3159
1443.7626	499.1135
1445.0141	487.6729
1446.2656	475.0474
1447.5172	496.1214
1448.7687	488.656
1450.0202	487.7974
1451.2717	494.4297
1452.5232	462.1126
1453.7747	462.9315
1455.0262	460.7708
1456.2778	448.6438
1457.5293	449.5991
1458.7808	449.3092
1460.0323	448.578
1461.2838	447.4555
1462.5353	430.7745
1463.7868	435.6134
1465.0384	437.2112
1466.2899	418.6491
1467.5414	397.7125
1468.7929	382.2799
1470.0444	383.0776
1471.2959	376.1161
1472.5474	379.4333
1473.799	374.0629
1475.0505	355.8428
1476.302	367.6857
1477.5535	339.3998
1478.805	360.2565
1480.0565	329.2922
1481.308	344.5823
1482.5595	339.0222
1483.8111	342.4528
1485.0626	325.8323
1486.3141	320.8345
1487.5656	329.8297
1488.8171	334.6613
1490.0686	332.4244
1491.3201	333.2603
1492.5717	347.9543
1493.8232	356.5096
1495.0747	360.0742
1496.3262	381.7374
1497.5777	388.0946
1498.8292	383.7126
1500.0807	365.6976
1501.3323	369.2365
1502.5838	341.3402
1503.8353	330.7501
1505.0868	318.5959
1506.3383	296.6309
1507.5898	296.7382
1508.8413	304.3511
1510.0929	320.0389
1511.3444	297.8109
1512.5959	292.4854
1513.8474	286.8777
1515.0989	303.4175
1516.3504	296.0796
1517.6019	277.5136
1518.8535	276.5961
1520.105	278.5217
1521.3565	265.2033
1522.608	265.2704
1523.8595	282.7222
1525.111	275.3607
1526.3625	280.5927
1527.614	291.758
1528.8656	271.9671
1530.1171	271.5322
1531.3686	267.7322
1532.6201	249.7271
1533.8716	265.73
1535.1231	258.6517
1536.3746	268.4672
1537.6262	251.1478
1538.8777	241.3063
1540.1292	270.8336
1541.3807	270.0466
1542.6322	265.5481
1543.8837	265.2309
1545.1352	276.6356
1546.3868	276.9856
1547.6383	278.4328
1548.8898	279.9431
1550.1413	285.4073
1551.3928	290.7317
1552.6443	283.5191
1553.8958	280.5269
1555.1474	285.3088
1556.3989	293.0129
1557.6504	298.5167
1558.9019	313.4567
1560.1534	303.7567
1561.4049	302.5865
1562.6564	306.1081
1563.908	333.4827
1565.1595	324.8423
1566.411	337.2803
1567.6625	347.577
1568.914	360.3252
1570.1655	395.8753
1571.417	410.024
1572.6686	436.8004
1573.9201	451.2567
1575.1716	470.436
1576.4231	510.1707
1577.6746	551.5231
1578.9261	566.7868
1580.1776	625.4363
1581.4291	714.6569
1582.6807	815.7648
1583.9322	937.382
1585.1837	1051.203
1586.4352	1170.973
1587.6867	1258.5081
1588.9382	1239.838
1590.1897	1140.8947
1591.4413	1030.6063
1592.6928	913.7837
1593.9443	874.7015
1595.1958	854.0885
1596.4473	903.8749
1597.6988	938.8292
1598.9503	1016.613
1600.2019	1198.3916
1601.4534	1401.0652
1602.7049	1664.1547
1603.9564	1998.9016
1605.2079	2332.363
1606.4594	2603.6333
1607.7109	2589.6799
1608.9625	2297.969
1610.214	1904.98
1611.4655	1522.699
1612.717	1255.707
1613.9685	1057.5627
1615.22	921.7234
1616.4715	823.8126
1617.7231	746.7025
1618.9746	689.9127
1620.2261	654.1932
1621.4776	624.3367
1622.7291	585.7249
1623.9806	576.4504
1625.2321	570.5355
1626.4836	545.9487
1627.7352	512.2822
1628.9867	480.6824
1630.2382	455.1718
1631.4897	426.6144
1632.7412	376.441
1633.9927	361.9801
1635.2442	327.9044
1636.4958	299.394
1637.7473	296.4485
1638.9988	286.564
1640.2503	275.9757
1641.5018	270.8872
1642.7533	253.4249
1644.0048	241.1747
1645.2564	241.3734
1646.5079	242.6292
1647.7594	236.3069
1649.0109	238.0242
1650.2624	230.4517
1651.5139	222.7598
1652.7654	217.3512
1654.017	211.6273
1655.2685	212.652
1656.52	212.118
1657.7715	205.5351
1659.023	197.4746
1660.2745	198.6352
1661.526	202.3892
1662.7776	198.625
1664.0291	195.6368
1665.2806	190.2475
1666.5321	191.1408
1667.7836	192.1644
1669.0351	191.0445
1670.2866	194.5774
1671.5382	194.6729
1672.7897	190.7719
1674.0412	204.4316
1675.2927	213.229
1676.5442	197.0623
1677.7957	201.0241
1679.0472	214.1754
1680.2987	222.1554
1681.5503	213.2083
1682.8018	221.6956
1684.0533	221.2753
1685.3048	230.2562
1686.5563	225.8002
1687.8078	222.2009
1689.0593	211.0909
1690.3109	210.3866
1691.5624	210.8413
1692.8139	202.0421
1694.0654	187.5565
1695.3169	186.1486
1696.5684	182.4805
1697.8199	176.3963
1699.0715	177.1112
1700.323	174.6337
1701.5745	171.9191
1702.826	166.4864
1704.0775	160.9341
1705.329	160.9538
1706.5805	161.1534
1707.8321	158.3741
1709.0836	160.4255
1710.3351	174.9374
1711.5866	165.7184
1712.8381	167.6793
1714.0896	159.2965
1715.3411	164.7235
1716.5927	159.5802
1717.8442	150.0664
1719.0957	162.0235
1720.3472	153.6473
1721.5987	159.8979
1722.8502	167.1333
1724.1017	146.5666
1725.3532	149.6087
1726.6048	170.6379
1727.8563	165.347
1729.1078	162.36
1730.3593	168.2084
1731.6108	168.4406
1732.8623	155.2435
1734.1138	153.1713
1735.3654	157.125
1736.6169	153.1915
1737.8684	153.6674
1739.1199	156.1641
1740.3714	156.2477
1741.6229	154.3135
1742.8744	149.8267
1744.126	151.2355
1745.3775	152.6192
1746.629	146.7093
1747.8805	147.8453
1749.132	143.4056
1750.3835	152.4693
1751.635	133.1953
1752.8866	142.8486
1754.1381	151.8404
1755.3896	144.5075
1756.6411	139.253
1757.8926	153.2606
1759.1441	138.1499
1760.3956	143.9969
1761.6472	153.9041
1762.8987	148.2114
1764.1502	150.0789
1765.4017	140.5454
1766.6532	151.5414
1767.9047	146.0519
1769.1562	145.4062
1770.4078	160.2591
1771.6593	161.5879
1772.9108	148.5356
1774.1623	163.0318
1775.4138	160.662
1776.6653	150.9116
1777.9168	164.9114
1779.1683	160.2062
1780.4199	168.7852
1781.6714	175.5174
1782.9229	175.7526
1784.1744	172.6442
1785.4259	179.8906
1786.6774	196.043
1787.9289	204.2378
1789.1805	204.3061
1790.432	203.7703
1791.6835	206.1097
1792.935	202.0732
1794.1865	194.0887
1795.438	187.8955
1796.6895	183.0511
1797.9411	179.7728
1799.1926	166.2
1800.4441	151.7599
1801.6956	160.0697
1802.9471	146.2533
1804.1986	161.5154
1805.4501	152.5875
1806.7017	134.925
1807.9532	133.3063
1809.2047	149.7309
1810.4562	141.2243
1811.7077	150.894
1812.9592	154.4883
1814.2107	166.9932
1815.4623	154.6187
1816.7138	142.0201
1817.9653	137.4816
1819.2168	146.5659
1820.4683	142.1009
1821.7198	156.5235
1822.9713	154.1458
1824.2229	141.5799
1825.4744	144.6954
1826.7259	153.0891
1827.9774	143.931
1829.2289	148.3828
1830.4804	145.2321
1831.7319	133.219
1832.9834	147.8849
1834.235	138.3739
1835.4865	142.1393
1836.738	146.0543
1837.9895	146.0977
1839.241	131.2946
1840.4925	136.8839
1841.744	152.9513
1842.9956	148.2377
1844.2471	135.3293
1845.4986	141.9377
1846.7501	144.6531
1848.0016	137.1515
1849.2531	144.0615
1850.5046	142.755
1851.7562	133.8829
1853.0077	141.6144
1854.2592	144.0731
1855.5107	136.6064
1856.7622	132.1658
1858.0137	132.5708
1859.2652	130.5616
1860.5168	120.4488
1861.7683	132.6129
1863.0198	136.8951
1864.2713	128.2768
1865.5228	140.5849
1866.7743	143.5997
1868.0258	142.8181
1869.2774	142.0784
1870.5289	140.4982
1871.7804	144.8274
1873.0319	147.5705
1874.2834	140.3037
1875.5349	143.444
1876.7864	144.6168
1878.0379	148.0109
1879.2895	150.5699
1880.541	147.9773
1881.7925	133.4606
1883.044	146.1424
1884.2955	150.1861
1885.547	157.3481
1886.7985	127.9233
1888.0501	148.9109
1889.3016	151.1407
1890.5531	161.5514
1891.8046	133.415
1893.0561	137.4916
1894.3076	146.8184
1895.5591	145.447
1896.8107	152.5227
1898.0622	161.0428
1899.3137	152.7209
1900.5652	151.8553
1901.8167	152.0914
1903.0682	161.1674
1904.3197	162.8391
1905.5713	156.5514
1906.8228	150.6666
1908.0743	150.6066
1909.3258	128.2379
1910.5773	147.9733
1911.8288	151.5659
1913.0803	146.0739
1914.3319	150.7393
1915.5834	160.292
1916.8349	157.6837
1918.0864	167.7843
1919.3379	185.5418
1920.5894	179.5888
1921.8409	176.2248
1923.0925	184.2411
1924.344	203.792
1925.5955	212.2854
1926.847	220.1353
1928.0985	207.1046
1929.35	208.424
1930.6015	207.7883
1931.853	198.1439
1933.1046	197.8313
1934.3561	197.1555
1935.6076	192.5919
1936.8591	187.0307
1938.1106	166.2757
1939.3621	168.6936
1940.6136	174.8546
1941.8652	168.6517
1943.1167	166.0689
1944.3682	151.9742
1945.6197	154.2379
1946.8712	157.9545
1948.1227	154.5532
1949.3742	166.5743
1950.6258	166.9698
1951.8773	166.6195
1953.1288	176.3759
1954.3803	179.2142
1955.6318	181.3335
1956.8833	189.6009
1958.1348	198.0901
1959.3864	195.3371
1960.6379	188.4353
1961.8894	185.0429
1963.1409	186.7612
1964.3924	191.636
1965.6439	191.2734
1966.8954	191.3918
1968.147	175.6803
1969.3985	160.6224
1970.65	173.259
1971.9015	176.8929
1973.153	172.1039
1974.4045	163.8499
1975.656	168.4146
1976.9075	169.0498
1978.1591	161.9818
1979.4106	163.6057
1980.6621	165.8315
1981.9136	163.1517
1983.1651	161.6287
1984.4166	157.1614
1985.6681	161.7654
1986.9197	172.1437
1988.1712	181.2565
1989.4227	173.8484
1990.6742	177.5883
1991.9257	181.6881
1993.1772	187.2121
1994.4287	192.8182
1995.6803	195.2148
1996.9318	194.9514
1998.1833	184.7134
1999.4348	187.6718
2000.6863	177.6712
2001.9378	176.0081
2003.1893	171.1701
2004.4409	168.6327
2005.6924	171.0226
2006.9439	171.038
2008.1954	179.7202
2009.4469	173.0625
2010.6984	157.7543
2011.9499	166.0815
2013.2015	171.4742
2014.453	164.9224
2015.7045	162.4953
2016.956	165.9254
2018.2075	181.0529
2019.459	168.532
2020.7105	164.7974
2021.9621	169.424
2023.2136	164.1991
2024.4651	166.2516
2025.7166	166.7808
2026.9681	158.0799
2028.2196	174.9611
2029.4711	169.6493
2030.7226	175.816
2031.9742	176.5946
2033.2257	173.7191
2034.4772	175.9523
2035.7287	176.0801
2036.9802	159.5897
2038.2317	158.1417
2039.4832	165.3462
2040.7348	162.6619
2041.9863	167.3934
2043.2378	171.7687
2044.4893	165.7072
2045.7408	163.8121
2046.9923	157.7305
2048.2438	163.0395
2049.4954	164.612
2050.7469	163.0002
2051.9984	179.8376
2053.2499	163.3214
2054.5014	170.5583
2055.7529	172.9016
2057.0044	177.628
2058.256	175.1999
2059.5075	187.8616
2060.759	177.3985
2062.0105	170.7266
2063.262	168.9315
2064.5135	173.3281
2065.765	172.5269
2067.0166	179.2476
2068.2681	169.0483
2069.5196	167.6484
2070.7711	173.8594
2072.0226	169.6453
2073.2741	172.5749
2074.5256	172.6375
2075.7771	173.802
2077.0287	173.4514
2078.2802	165.5179
2079.5317	170.4576
2080.7832	170.2683
2082.0347	178.4028
2083.2862	172.7011
2084.5377	179.0845
2085.7893	188.5656
2087.0408	177.2782
2088.2923	175.4511
2089.5438	173.7257
2090.7953	169.1246
2092.0468	176.4771
2093.2983	185.6396
2094.5499	189.0528
2095.8014	191.316
2097.0529	177.8187
2098.3044	172.1212
2099.5559	182.3804
2100.8074	189.1433
2102.0589	192.6937
2103.3105	184.6774
2104.562	183.8084
2105.8135	192.7233
2107.065	187.4949
2108.3165	189.8766
2109.568	178.5941
2110.8195	178.8953
2112.0711	182.3706
2113.3226	183.898
2114.5741	197.0775
2115.8256	195.8674
2117.0771	193.019
2118.3286	191.6777
2119.5801	181.569
2120.8317	189.5907
2122.0832	191.0171
2123.3347	184.6893
2124.5862	190.6231
2125.8377	188.4974
2127.0892	180.9698
2128.3407	191.2336
2129.5922	203.8767
2130.8438	197.1413
2132.0953	176.8103
2133.3468	187.0554
2134.5983	198.8232
2135.8498	191.5696
2137.1013	169.3626
2138.3528	191.2871
2139.6044	192.9062
2140.8559	189.5573
2142.1074	198.7004
2143.3589	199.2053
2144.6104	195.3388
2145.8619	183.7359
2147.1134	185.1767
2148.365	202.5184
2149.6165	189.6457
2150.868	190.4078
2152.1195	187.013
2153.371	173.6577
2154.6225	186.0203
2155.874	182.8605
2157.1256	201.735
2158.3771	174.1799
2159.6286	202.2705
2160.8801	198.4094
2162.1316	207.3375
2163.3831	208.987
2164.6346	229.1222
2165.8862	198.6877
2167.1377	204.4026
2168.3892	209.2637
2169.6407	197.1429
2170.8922	185.1805
2172.1437	191.0727
2173.3952	204.8916
2174.6468	199.8697
2175.8983	201.7027
2177.1498	206.6824
2178.4013	195.8813
2179.6528	188.5999
2180.9043	192.7394
2182.1558	184.3855
2183.4073	208.4605
2184.6589	205.8894
2185.9104	204.1977
2187.1619	207.8241
2188.4134	206.3392
2189.6649	209.9921
2190.9164	210.5332
2192.1679	201.8846
2193.4195	210.7174
2194.671	220.4031
2195.9225	220.9627
2197.174	209.2105
2198.4255	205.4153
2199.677	210.9858
2200.9285	193.5763
2202.1801	197.8094
2203.4316	218.1223
2204.6831	224.098
2205.9346	233.4343
2207.1861	237.1569
2208.4376	231.3267
2209.6891	234.2355
2210.9407	244.781
2212.1922	241.0394
2213.4437	217.3767
2214.6952	214.2107
2215.9467	214.7128
2217.1982	212.6075
2218.4497	211.0038
2219.7013	223.9368
2220.9528	212.1052
2222.2043	193.6196
2223.4558	207.8123
2224.7073	197.6947
2225.9588	198.5162
2227.2103	210.7424
2228.4618	200.4307
2229.7134	220.7688
2230.9649	212.862
2232.2164	209.6866
2233.4679	222.7268
2234.7194	219.085
2235.9709	227.5772
2237.2224	221.1117
2238.474	238.1829
2239.7255	248.5196
2240.977	221.7141
2242.2285	243.6765
2243.48	240.4386
2244.7315	242.5446
2245.983	247.6621
2247.2346	234.9974
2248.4861	244.5485
2249.7376	241.7589
2250.9891	236.0083
2252.2406	225.9456
2253.4921	227.3021
2254.7436	236.6819
2255.9952	237.9546
2257.2467	245.3636
2258.4982	244.5051
2259.7497	248.3883
2261.0012	245.2188
2262.2527	239.5521
2263.5042	249.7617
2264.7558	244.5497
2266.0073	237.6454
2267.2588	240.8635
2268.5103	248.3717
2269.7618	241.5507
2271.0133	231.6066
2272.2648	226.6221
2273.5164	234.062
2274.7679	242.712
2276.0194	238.0312
2277.2709	229.624
2278.5224	232.662
2279.7739	239.582
2281.0254	208.4219
2282.2769	232.8045
2283.5285	254.5731
2284.78	238.8177
2286.0315	231.3449
2287.283	214.6137
2288.5345	224.7932
2289.786	240.5151
2291.0375	232.9028
2292.2891	245.2676
2293.5406	239.8756
2294.7921	239.9612
2296.0436	237.1673
2297.2951	231.3517
2298.5466	236.6678
2299.7981	242.1312
2301.0497	245.5667
2302.3012	245.2045
2303.5527	242.0347
2304.8042	251.4684
2306.0557	239.9818
2307.3072	247.6466
2308.5587	252.7713
2309.8103	244.6784
2311.0618	252.9496
2312.3133	252.5742
2313.5648	265.9619
2314.8163	272.9856
2316.0678	294.196
2317.3193	278.0224
2318.5709	299.3366
2319.8224	282.6694
2321.0739	277.8881
2322.3254	247.0029
2323.5769	256.7285
2324.8284	254.6871
2326.0799	270.2124
2327.3314	266.724
2328.583	254.8146
2329.8345	254.5902
2331.086	260.3156
2332.3375	266.9652
2333.589	251.64
2334.8405	250.8371
2336.092	267.2444
2337.3436	250.158
2338.5951	249.4242
2339.8466	267.0176
2341.0981	253.8909
2342.3496	247.1376
2343.6011	247.9213
2344.8526	257.7911
2346.1042	262.6185
2347.3557	263.7485
2348.6072	263.2503
2349.8587	262.9614
2351.1102	267.5876
2352.3617	266.3743
2353.6132	259.1154
2354.8648	255.0519
2356.1163	258.9866
2357.3678	278.8906
2358.6193	273.5786
2359.8708	279.7362
2361.1223	280.5501
2362.3738	266.7017
2363.6254	266.5753
2364.8769	275.3729
2366.1284	255.6425
2367.3799	275.2897
2368.6314	262.2389
2369.8829	273.6775
2371.1344	276.6819
2372.386	274.7188
2373.6375	268.5541
2374.889	276.0466
2376.1405	266.9784
2377.392	270.2641
2378.6435	281.1146
2379.895	288.1562
2381.1465	281.0693
2382.3981	273.817
2383.6496	277.8091
2384.9011	265.9285
2386.1526	275.8306
2387.4041	305.8965
2388.6556	302.0349
2389.9071	295.7422
2391.1587	306.2171
2392.4102	288.2968
2393.6617	288.1258
2394.9132	309.1995
2396.1647	305.3746
2397.4162	299.7209
2398.6677	280.6761
2399.9193	302.2614
2401.1708	294.1552
2402.4223	288.6529
2403.6738	275.6375
2404.9253	291.2381
2406.1768	314.0328
2407.4283	289.3414
2408.6799	301.0551
2409.9314	301.0754
2411.1829	308.7355
2412.4344	306.7299
2413.6859	320.5944
2414.9374	340.6239
2416.1889	345.5706
2417.4405	332.2328
2418.692	334.4864
2419.9435	325.0093
2421.195	335.9918
2422.4465	348.6786
2423.698	330.7634
2424.9495	332.4141
2426.201	340.1987
2427.4526	346.0383
2428.7041	350.4972
2429.9556	365.1463
2431.2071	383.1651
2432.4586	390.7121
2433.7101	390.2672
2434.9616	387.5126
2436.2132	437.7705
2437.4647	435.4337
2438.7162	433.7556
2439.9677	390.1955
2441.2192	362.6647
2442.4707	357.0927
2443.7222	335.6413
2444.9738	322.6056
2446.2253	321.2552
2447.4768	310.748
2448.7283	297.6375
2449.9798	284.6132
2451.2313	299.6392
2452.4828	310.855
2453.7344	315.7357
2454.9859	293.872
2456.2374	305.2682
2457.4889	313.5887
2458.7404	286.4056
2459.9919	320.684
2461.2434	305.0285
2462.495	324.4297
2463.7465	311.6819
2464.998	317.1927
2466.2495	336.822
2467.501	325.6582
2468.7525	333.9743
2470.004	346.1337
2471.2556	344.5875
2472.5071	324.0353
2473.7586	330.5797
2475.0101	325.4283
2476.2616	303.6102
2477.5131	288.4833
2478.7646	296.7668
2480.0161	316.1639
2481.2677	311.1566
2482.5192	300.2682
2483.7707	306.3616
2485.0222	308.7241
2486.2737	299.0208
2487.5252	307.2432
2488.7767	320.7903
2490.0283	332.4659
2491.2798	336.7939
2492.5313	328.071
2493.7828	306.4083
2495.0343	320.9488
2496.2858	301.5989
2497.5373	294.593
2498.7889	308.561
2500.0404	298.2291
2501.2919	277.8002
2502.5434	285.4893
2503.7949	287.5529
2505.0464	277.9106
2506.2979	288.233
2507.5495	292.0232
2508.801	279.2907
2510.0525	296.7301
2511.304	309.8813
2512.5555	292.5187
2513.807	304.8149
2515.0585	314.4452
2516.3101	299.988
2517.5616	320.9906
2518.8131	305.9131
2520.0646	306.864
2521.3161	313.9828
2522.5676	316.2011
2523.8191	307.9013
2525.0706	307.3641
2526.3222	318.3665
2527.5737	344.2259
2528.8252	321.0151
2530.0767	328.7228
2531.3282	333.6454
2532.5797	354.7495
2533.8312	359.0508
2535.0828	382.1426
2536.3343	373.4438
2537.5858	375.9265
2538.8373	382.2964
2540.0888	388.2256
2541.3403	391.9861
2542.5918	408.3322
2543.8434	419.8373
2545.0949	433.8555
2546.3464	439.9448
2547.5979	470.3392
2548.8494	493.5519
2550.1009	501.4379
2551.3524	504.678
2552.604	537.3002
2553.8555	556.511
2555.107	549.9728
2556.3585	555.6956
2557.61	556.089
2558.8615	532.9745
2560.113	520.2035
2561.3646	484.4752
2562.6161	466.3391
2563.8676	451.9096
2565.1191	443.0458
2566.3706	456.5695
2567.6221	453.1173
2568.8736	448.5153
2570.1252	442.7758
2571.3767	452.3209
2572.6282	458.509
2573.8797	459.4835
2575.1312	465.8596
2576.3827	467.8049
2577.6342	453.9997
2578.8857	501.9679
2580.1373	515.2461
2581.3888	529.8901
2582.6403	561.21
2583.8918	590.5977
2585.1433	609.6681
2586.3948	632.222
2587.6463	653.0315
2588.8979	643.1779
2590.1494	650.0424
2591.4009	627.6259
2592.6524	586.4784
2593.9039	558.0974
2595.1554	529.4542
2596.4069	504.6514
2597.6585	468.4493
2598.91	462.7776
2600.1615	460.7083
2601.413	471.1642
2602.6645	488.6045
2603.916	515.9166
2605.1675	537.1222
2606.4191	558.8859
2607.6706	608.5348
2608.9221	624.5764
2610.1736	636.9462
2611.4251	635.778
2612.6766	615.5413
2613.9281	583.881
2615.1797	534.361
2616.4312	481.7103
2617.6827	433.4722
2618.9342	414.3703
2620.1857	413.7688
2621.4372	390.2435
2622.6887	390.9313
2623.9403	370.0154
2625.1918	365.9749
2626.4433	361.2253
2627.6948	348.4189
2628.9463	353.3199
2630.1978	351.4418
2631.4493	320.8095
2632.7008	324.6968
2633.9524	330.6451
2635.2039	330.325
2636.4554	327.6251
2637.7069	334.1135
2638.9584	319.4925
2640.2099	320.168
2641.4614	324.2637
2642.713	336.2825
2643.9645	342.6672
2645.216	351.3558
2646.4675	341.9205
2647.719	333.4489
2648.9705	336.1116
2650.222	343.2449
2651.4736	329.5782
2652.7251	331.6083
2653.9766	329.5978
2655.2281	338.5775
2656.4796	343.9407
2657.7311	358.836
2658.9826	379.1401
2660.2342	389.774
2661.4857	407.9771
2662.7372	418.4732
2663.9887	416.2125
2665.2402	420.3554
2666.4917	410.2377
2667.7432	403.8301
2668.9948	379.9299
2670.2463	367.052
2671.4978	351.7277
2672.7493	319.4329
2674.0008	314.1467
2675.2523	315.4069
2676.5038	317.2206
2677.7553	324.0768
2679.0069	321.1471
2680.2584	316.9102
2681.5099	323.8238
2682.7614	320.63
2684.0129	328.4812
2685.2644	329.4856
2686.5159	320.3483
2687.7675	318.347
2689.019	332.5773
2690.2705	330.5571
2691.522	326.3817
2692.7735	334.3378
2694.025	339.4514
2695.2765	341.0923
2696.5281	342.6003
2697.7796	351.811
2699.0311	352.1025
2700.2826	357.367
2701.5341	376.2721
2702.7856	383.7565
2704.0371	390.8576
2705.2887	399.4385
2706.5402	401.9203
2707.7917	398.572
2709.0432	388.8237
2710.2947	382.4967
2711.5462	389.35
2712.7977	375.6645
2714.0493	366.5574
2715.3008	374.9096
2716.5523	380.1291
2717.8038	394.6415
2719.0553	394.0612
2720.3068	394.2375
2721.5583	408.5034
2722.8099	430.3655
2724.0614	467.4208
2725.3129	488.2812
2726.5644	535.4937
2727.8159	590.8528
2729.0674	672.2407
2730.3189	790.9843
2731.5704	895.0272
2732.822	1064.3148
2734.0735	1205.1956
2735.325	1335.0284
2736.5765	1385.2272
2737.828	1372.1531
2739.0795	1308.8315
2740.331	1234.84
2741.5826	1116.9332
2742.8341	1005.5175
2744.0856	902.317
2745.3371	772.8613
2746.5886	715.7005
2747.8401	659.3109
2749.0916	602.1674
2750.3432	564.8888
2751.5947	546.8839
2752.8462	514.7287
2754.0977	511.9775
2755.3492	501.2529
2756.6007	479.2438
2757.8522	461.8325
2759.1038	462.5995
2760.3553	463.7553
2761.6068	453.4831
2762.8583	455.2337
2764.1098	464.3815
2765.3613	464.5356
2766.6128	455.6343
2767.8644	454.2318
2769.1159	454.5416
2770.3674	473.1583
2771.6189	468.2708
2772.8704	472.0314
2774.1219	483.4549
2775.3734	473.6702
2776.6249	493.723
2777.8765	512.0921
2779.128	525.3004
2780.3795	544.5388
2781.631	519.8695
2782.8825	529.8008
2784.134	493.3405
2785.3855	494.4744
2786.6371	464.2758
2787.8886	462.21
2789.1401	466.3438
2790.3916	436.9072
2791.6431	437.711
2792.8946	446.8193
2794.1461	446.8527
2795.3977	458.3165
2796.6492	450.4594
2797.9007	438.1052
2799.1522	453.5712
2800.4037	446.2519
2801.6552	484.6188
2802.9067	469.9824
2804.1583	491.4777
2805.4098	489.7531
2806.6613	481.4739
2807.9128	502.7439
2809.1643	523.1493
2810.4158	546.921
2811.6673	521.0005
2812.9189	564.8652
2814.1704	537.4584
2815.4219	532.3621
2816.6734	520.447
2817.9249	541.9743
2819.1764	550.8676
2820.4279	553.8376
2821.6795	557.505
2822.931	575.1163
2824.1825	581.1287
2825.434	583.635
2826.6855	607.803
2827.937	633.1358
2829.1885	629.9473
2830.44	650.8323
2831.6916	674.468
2832.9431	695.0534
2834.1946	683.5917
2835.4461	733.9251
2836.6976	756.7071
2837.9491	780.2498
2839.2006	828.7532
2840.4522	872.7423
2841.7037	902.2052
2842.9552	977.6534
2844.2067	1067.2192
2845.4582	1144.4664
2846.7097	1235.625
2847.9612	1330.4323
2849.2128	1459.3015
2850.4643	1576.6396
2851.7158	1742.3578
2852.9673	1953.1082
2854.2188	2147.9534
2855.4703	2351.7407
2856.7218	2518.0056
2857.9734	2715.1948
2859.2249	2898.3262
2860.4764	3054.054
2861.7279	3212.2852
2862.9794	3265.0718
2864.2309	3333.4478
2865.4824	3382.6377
2866.734	3402.0024
2867.9855	3425.7476
2869.237	3424.4951
2870.4885	3397.9668
2871.74	3425.2307
2872.9915	3391.655
2874.243	3412.9209
2875.4945	3287.4116
2876.7461	3298.9592
2877.9976	3266.4885
2879.2491	3148.2979
2880.5006	3048.3225
2881.7521	2972.325
2883.0036	2892.2844
2884.2551	2760.4324
2885.5067	2670.5242
2886.7582	2592.5225
2888.0097	2487.0044
2889.2612	2436.1255
2890.5127	2387.7251
2891.7642	2393.2424
2893.0157	2400.5042
2894.2673	2490.3997
2895.5188	2520.5784
2896.7703	2564.6667
2898.0218	2622.0789
2899.2733	2797.4565
2900.5248	2988.0825
2901.7763	3173.8716
2903.0279	3464.9636
2904.2794	3860.5879
2905.5309	4187.0063
2906.7824	4647.3535
2908.0339	5252.002
2909.2854	5850.4458
2910.5369	6613.1177
2911.7885	7423.2661
2913.04	8406.6768
2914.2915	9390.3145
2915.543	10506.4746
2916.7945	11463.4414
2918.046	12286.4277
2919.2975	12939.9619
2920.5491	13122.7031
2921.8006	12903.8164
2923.0521	12468.6748
2924.3036	11846.6846
2925.5551	10901.9668
2926.8066	9956.4814
2928.0581	9060.6943
2929.3096	8175.8379
2930.5612	7374.4546
2931.8127	6672.8335
2933.0642	6080.9912
2934.3157	5484.4336
2935.5672	5098.7778
2936.8187	4656.9531
2938.0702	4314.7134
2939.3218	4016.2007
2940.5733	3755.8716
2941.8248	3575.0471
2943.0763	3406.3291
2944.3278	3268.1465
2945.5793	3165.2397
2946.8308	3067.8867
2948.0824	2980.8113
2949.3339	2871.5928
2950.5854	2759.116
2951.8369	2676.8557
2953.0884	2627.6909
2954.3399	2561.2585
2955.5914	2437.5291
2956.843	2381.8833
2958.0945	2303.8132
2959.346	2253.1184
2960.5975	2244.1343
2961.849	2178.3572
2963.1005	2111.1882
2964.352	2072.9456
2965.6036	2023.0718
2966.8551	2047.6624
2968.1066	2032.7314
2969.3581	2057.0581
2970.6096	2001.0471
2971.8611	2020.7461
2973.1126	2105.8113
2974.3642	2131.9087
2975.6157	2255.1204
2976.8672	2400.4836
2978.1187	2566.1606
2979.3702	2953.9517
2980.6217	3481.6904
2981.8732	4029.7744
2983.1247	4427.6445
2984.3763	4308.9614
2985.6278	3612.9602
2986.8793	3017.8235
2988.1308	2635.2173
2989.3823	2384.1936
2990.6338	2249.8545
2991.8853	2175.8723
2993.1369	2145.8728
2994.3884	2193.7366
2995.6399	2240.7009
2996.8914	2379.2637
2998.1429	2447.1421
2999.3944	2613.218
3000.6459	2874.6187
3001.8975	3125.825
3003.149	3273.6089
3004.4005	3362.6626
3005.652	3340.0403
3006.9035	3173.9597
3008.155	2949.0576
3009.4065	2810.7217
3010.6581	2666.8782
3011.9096	2603.2324
3013.1611	2570.1677
3014.4126	2584.9509
3015.6641	2674.332
3016.9156	2720.3315
3018.1671	2796.0466
3019.4187	2874.9316
3020.6702	2962.8391
3021.9217	3078.7637
3023.1732	3215.1907
3024.4247	3472.2219
3025.6762	3750.313
3026.9277	4033.5068
3028.1792	4337.8516
3029.4308	4730.6841
3030.6823	5089.6343
3031.9338	5395.0684
3033.1853	5587.1162
3034.4368	5992.6289
3035.6883	6325.9258
3036.9398	6527.0508
3038.1914	6745.4492
3039.4429	6898.6455
3040.6944	7040.3105
3041.9459	7220.4751
3043.1974	7443.0186
3044.4489	7679.4653
3045.7004	8268.2988
3046.952	8858.0342
3048.2035	9894.3457
3049.455	11152.1221
3050.7065	12842.9141
3051.958	14897.3877
3053.2095	17335.668
3054.461	20064.0137
3055.7126	22279.8145
3056.9641	23211.6094
3058.2156	22628.6484
3059.4671	20821.2695
3060.7186	18637.3672
3061.9701	16759.3145
3063.2216	15435.3525
3064.4732	14535.2256
3065.7247	13877.6396
3066.9762	13231.168
3068.2277	12517.625
3069.4792	11712.4961
3070.7307	10653.2705
3071.9822	9449.2832
3073.2338	8356.332
3074.4853	7347.0713
3075.7368	6368.479
3076.9883	5555.0542
3078.2398	4953.3887
3079.4913	4353.4829
3080.7428	3935.0322
3081.9943	3546.9297
3083.2459	3207.8853
3084.4974	2953.3984
3085.7489	2724.125
3087.0004	2547.7996
3088.2519	2396.7598
3089.5034	2275.979
3090.7549	2178.2764
3092.0065	1990.3069
3093.258	1914.75
3094.5095	1823.3053
3095.761	1726.1995
3097.0125	1660.7174
3098.264	1603.9337
3099.5155	1559.0894
3100.7671	1511.7196
3102.0186	1465.585
3103.2701	1467.0912
3104.5216	1415.9442
3105.7731	1370.5526
3107.0246	1330.1425
3108.2761	1302.7802
3109.5277	1258.4709
3110.7792	1222.1779
3112.0307	1160.2301
3113.2822	1063.0859
3114.5337	1039.6042
3115.7852	1036.4617
3117.0367	1031.1956
3118.2883	986.4056
3119.5398	936.4462
3120.7913	909.5425
3122.0428	893.0743
3123.2943	855.1422
3124.5458	827.7164
3125.7973	822.736
3127.0488	785.5107
3128.3004	755.2625
3129.5519	736.7014
3130.8034	729.9036
3132.0549	736.9938
3133.3064	719.4733
3134.5579	683.0514
3135.8094	644.4893
3137.061	683.1284
3138.3125	664.864
3139.564	651.3278
3140.8155	634.7783
3142.067	623.4215
3143.3185	628.6058
3144.57	641.4369
3145.8216	608.134
3147.0731	591.2783
3148.3246	624.3337
3149.5761	604.5037
3150.8276	606.7721
3152.0791	609.5308
3153.3306	621.0269
3154.5822	616.4929
3155.8337	608.2219
3157.0852	618.5144
3158.3367	633.9938
3159.5882	641.8046
3160.8397	675.3546
3162.0912	689.4756
3163.3428	731.813
3164.5943	784.0806
3165.8458	854.983
3167.0973	977.6614
3168.3488	1069.0232
3169.6003	1226.8079
3170.8518	1292.7867
3172.1034	1284.088
3173.3549	1194.7933
3174.6064	1004.3093
3175.8579	859.6321
3177.1094	737.3239
3178.3609	641.0912
3179.6124	555.8643
3180.8639	518.4724
3182.1155	503.0817
3183.367	492.104
3184.6185	484.0483
3185.87	476.5146
3187.1215	455.2717
3188.373	469.0594
3189.6245	475.3911
3190.8761	466.3164
3192.1276	483.3759
3193.3791	500.611
3194.6306	509.4216
3195.8821	519.3129
3197.1336	561.7242
3198.3851	565.3271
3199.6367	595.4528
3200.8882	644.1511
3202.1397	705.5941
3203.3912	781.9505
3204.6427	838.4264
3205.8942	893.6721
3207.1457	906.0074
3208.3973	912.358
3209.6488	877.7762
3210.9003	806.662
3212.1518	728.6199
3213.4033	645.0956
3214.6548	582.2235
3215.9063	542.3237
3217.1579	552.9487
3218.4094	554.3087
3219.6609	531.5551
3220.9124	529.5527
3222.1639	529.1663
3223.4154	516.6894
3224.6669	510.5771
3225.9184	471.9461
3227.17	454.7404
3228.4215	396.9282
3229.673	389.9843
3230.9245	356.7617
3232.176	343.2215
3233.4275	335.9849
3234.679	323.2457
3235.9306	320.1954
3237.1821	303.0228
3238.4336	290.8282
3239.6851	303.6106
3240.9366	295.715
3242.1881	298.374
3243.4396	277.9965
3244.6912	277.28
3245.9427	292.2267
3247.1942	276.0393
3248.4457	269.244
3249.6972	258.0165
3250.9487	267.5202
3252.2002	268.6615
3253.4518	264.2516
3254.7033	274.7752
3255.9548	252.0703
3257.2063	277.0956
3258.4578	250.0872
3259.7093	256.844
3260.9608	259.5752
3262.2124	241.9736
3263.4639	251.7538
3264.7154	248.2905
3265.9669	246.9075
3267.2184	265.4996
3268.4699	264.2698
3269.7214	266.0476
3270.973	262.2043
3272.2245	258.5337
3273.476	254.7338
3274.7275	257.6126
3275.979	248.0241
3277.2305	256.1695
3278.482	265.2531
3279.7335	239.7056
3280.9851	235.3973
3282.2366	247.0724
3283.4881	255.7675
3284.7396	243.9847
3285.9911	259.6034
3287.2426	232.096
3288.4941	250.9752
3289.7457	234.1848
3290.9972	232.6023
3292.2487	233.9526
3293.5002	247.983
3294.7517	242.9165
3296.0032	237.75
3297.2547	240.65
3298.5063	236.6529
3299.7578	239.9233
3301.0093	241.6166
3302.2608	244.7294
3303.5123	242.6727
3304.7638	232.7813
3306.0153	240.6164
3307.2669	237.4625
3308.5184	230.4467
3309.7699	231.0474
3311.0214	236.3333
3312.2729	225.0905
3313.5244	232.6326
3314.7759	231.4789
3316.0275	244.3062
3317.279	227.8518
3318.5305	230.1507
3319.782	215.0287
3321.0335	240.6248
3322.285	238.6173
3323.5365	238.1321
3324.7881	228.8432
3326.0396	232.5325
3327.2911	241.0655
3328.5426	227.8874
3329.7941	218.528
3331.0456	225.1607
3332.2971	233.7662
3333.5486	217.9601
3334.8002	224.6553
3336.0517	219.3329
3337.3032	214.71
3338.5547	254.6784
3339.8062	221.9885
3341.0577	228.6967
3342.3092	229.336
3343.5608	233.575
3344.8123	244.8076
3346.0638	227.8644
3347.3153	226.7076
3348.5668	239.7781
3349.8183	215.5522
3351.0698	221.1656
3352.3214	213.5602
3353.5729	223.9003
3354.8244	220.9908
3356.0759	225.3283
3357.3274	218.7082
3358.5789	223.3355
3359.8304	242.0823
3361.082	232.1568
3362.3335	225.9703
3363.585	224.2889
3364.8365	212.7309
3366.088	213.0447
3367.3395	236.8269
3368.591	238.4704
3369.8426	237.8797
3371.0941	237.0631
3372.3456	225.9354
3373.5971	222.9129
3374.8486	240.4951
3376.1001	211.5582
3377.3516	207.7082
3378.6031	225.5307
3379.8547	231.005
3381.1062	226.8718
3382.3577	239.7547
3383.6092	226.9387
3384.8607	222.6777
3386.1122	230.3912
3387.3637	231.1509
3388.6153	230.8316
3389.8668	219.9413
3391.1183	226.4809
3392.3698	232.0552
3393.6213	229.8999
3394.8728	225.0154
3396.1243	233.3582
3397.3759	224.9623
3398.6274	227.2361
3399.8789	224.317
3401.1304	230.0965
3402.3819	227.207
3403.6334	245.7075
3404.8849	227.9152
3406.1365	229.6743
3407.388	234.9886
3408.6395	230.6492
3409.891	228.959
3411.1425	214.9468
3412.394	227.4783
3413.6455	226.6932
3414.8971	212.4439
3416.1486	214.455
3417.4001	210.4267
3418.6516	219.6815
3419.9031	224.7609
3421.1546	241.3017
3422.4061	227.4381
3423.6577	229.1388
3424.9092	231.9748
3426.1607	218.7398
3427.4122	229.5696
3428.6637	235.408
3429.9152	225.9254
3431.1667	234.3887
3432.4182	203.0775
3433.6698	224.044
3434.9213	231.3915
3436.1728	235.4148
3437.4243	233.3111
3438.6758	234.6457
3439.9273	230.4683
3441.1788	232.5881
3442.4304	214.7895
3443.6819	234.0532
3444.9334	226.9415
3446.1849	220.5933
3447.4364	228.1634
3448.6879	218.4547
3449.9394	224.436
3451.191	213.9352
3452.4425	216.5319
3453.694	228.5004
3454.9455	218.1586
3456.197	215.181
3457.4485	218.8132
3458.7	230.6958
3459.9516	213.2448
3461.2031	210.3952
3462.4546	219.7663
3463.7061	232.0315
3464.9576	224.6224
3466.2091	219.9878
3467.4606	231.6258
3468.7122	220.064
3469.9637	220.5246
3471.2152	219.0456
3472.4667	222.3407
3473.7182	216.2371
3474.9697	229.9242
3476.2212	225.3344
3477.4727	232.6084
3478.7243	225.0847
3479.9758	228.6512
3481.2273	219.007
3482.4788	241.9258
3483.7303	223.3454
3484.9818	217.622
3486.2333	228.2737
3487.4849	222.9716
3488.7364	228.1495
3489.9879	239.9455
3491.2394	225.6733
3492.4909	224.0822
3493.7424	225.7888
3494.9939	235.3509
3496.2455	222.751
3497.497	213.0101
3498.7485	211.9412
3500	203.0854
