400	80.0482
401.2515	83.9934
402.503	75.1166
403.7545	67.4322
405.006	70.6887
406.2576	68.3027
407.5091	61.9886
408.7606	66.6965
410.0121	64.4013
411.2636	64.3479
412.5151	74.6649
413.7667	76.0532
415.0182	65.6716
416.2697	63.884
417.5212	75.4057
418.7727	70.3023
420.0242	66.7798
421.2757	72.1844
422.5273	66.7756
423.7788	91.4098
425.0303	69.6427
426.2818	69.604
427.5333	66.0459
428.7848	70.9156
430.0363	83.2651
431.2878	85.7525
432.5394	84.8401
433.7909	75.6017
435.0424	76.2428
436.2939	77.2509
437.5454	82.3829
438.7969	88.6096
440.0484	81.9945
441.3	50.8933
442.5515	68.0655
443.803	103.4083
445.0545	100.9226
446.306	94.6303
447.5575	87.7679
448.8091	80.2504
450.0605	87.9984
451.3121	88.7505
452.5636	72.0607
453.8151	81.2185
455.0666	80.1882
456.3181	74.8237
457.5696	76.9341
458.8212	82.3661
460.0727	72.0058
461.3242	61.8145
462.5757	57.801
463.8272	62.2535
465.0787	61.7336
466.3302	55.6795
467.5818	48.6474
468.8333	42.4327
470.0848	76.1017
471.3363	64.096
472.5878	51.7491
473.8393	34.2734
475.0909	38.9255
476.3423	58.615
477.5939	55.6199
478.8454	52.4668
480.0969	49.0054
481.3484	45.7086
482.5999	45.1135
483.8514	43.1754
485.1029	40.809
486.3545	41.2646
487.606	43.3266
488.8575	39.1841
490.109	30.015
491.3605	25.5697
492.612	34.0843
493.8636	45.8637
495.1151	46.3898
496.3666	29.7925
497.6181	8.4419
498.8696	36.4245
500.1211	42.5481
501.3726	29.0987
502.6241	27.6881
503.8756	34.2489
505.1272	36.0859
506.3787	40.6055
507.6302	35.0282
508.8817	3.6078
510.1332	22.5382
511.3847	35.8871
512.6362	37.8383
513.8878	30.6241
515.1393	17.2007
516.3908	15.609
517.6423	20.087
518.8938	27.1085
520.1453	32.8724
521.3969	31.2717
522.6484	22.4959
523.8999	16.4571
525.1514	22.4958
526.4029	27.3725
527.6544	31.0494
528.9059	19.5758
530.1575	32.0774
531.4089	31.7483
532.6605	18.2394
533.912	11.5106
535.1635	12.3242
536.415	6.356
537.6665	34.4934
538.918	30.6745
540.1696	25.9534
541.4211	21.8708
542.6726	12.3104
543.9241	8.7108
545.1756	35.8221
546.4271	23.552
547.6786	25.8149
548.9302	29.8948
550.1817	26.79
551.4332	27.1838
552.6847	33.0076
553.9362	34.4336
555.1877	28.5891
556.4393	36.0758
557.6907	35.4174
558.9423	24.3818
560.1938	23.1867
561.4453	30.0949
562.6968	37.567
563.9483	39.4137
565.1998	27.4911
566.4514	36.5436
567.7029	25.1889
568.9544	32.7811
570.2059	32.8029
571.4574	27.4
572.7089	21.8339
573.9604	15.9031
575.212	26.2293
576.4634	22.9276
577.715	18.5357
578.9665	15.2033
580.218	7.0613
581.4695	16.2632
582.721	29.784
583.9725	12.9277
585.2241	7.2919
586.4756	12.6691
587.7271	23.0937
588.9786	19.827
590.2301	19.4048
591.4816	17.8521
592.7332	12.0938
593.9847	10.7972
595.2361	16.687
596.4877	12.2568
597.7392	24.0089
598.9907	23.1119
600.2422	30.6991
601.4937	35.5504
602.7452	26.1059
603.9968	14.3256
605.2483	22.1694
606.4998	23.1737
607.7513	21.1412
609.0028	11.6796
610.2543	10.1376
611.5059	10.7497
612.7574	6.387
614.0089	4.1154
615.2604	18.7835
616.5119	20.2269
617.7634	27.0153
619.015	25.0285
620.2665	18.3464
621.5179	10.9977
622.7695	10.9362
624.021	15.7631
625.2725	8.0411
626.524	17.2715
627.7755	14.2724
629.027	11.61
630.2786	21.5697
631.5301	17.6312
632.7816	7.7202
634.0331	10.6932
635.2846	18.4355
636.5361	27.9735
637.7877	21.1972
639.0392	6.423
640.2906	23.9645
641.5422	34.0509
642.7937	36.5251
644.0452	28.1336
645.2968	3.26
646.5482	35.3096
647.7997	25.4569
649.0513	39.7129
650.3028	31.8128
651.5543	31.2214
652.8058	23.051
654.0573	15.5211
655.3088	28.6234
656.5604	33.1657
657.8119	24.1079
659.0634	29.2817
660.3149	46.175
661.5664	37.8924
662.8179	35.8037
664.0695	34.318
665.3209	25.3254
666.5724	35.0134
667.824	44.2548
669.0755	36.6934
670.327	21.5679
671.5786	35.0341
672.83	27.1629
674.0815	13.4663
675.3331	17.8665
676.5846	34.9163
677.8361	49.5723
679.0876	16.4705
680.3391	33.6921
681.5906	20.608
682.8422	38.4447
684.0937	52.7759
685.3452	41.5142
686.5967	29.3072
687.8482	45.2172
689.0997	50.3061
690.3513	55.9944
691.6027	46.5603
692.8542	57.8417
694.1058	50.8099
695.3573	36.5807
696.6088	37.01
697.8603	51.0931
699.1118	62.4874
700.3633	71.7741
701.6149	61.1629
702.8664	72.3845
704.1179	67.7353
705.3694	67.7767
706.6209	69.7372
707.8724	68.1565
709.124	78.3483
710.3754	110.3007
711.627	113.1541
712.8785	116.0039
714.13	106.381
715.3815	93.161
716.633	80.8288
717.8845	72.8006
719.136	66.8049
720.3876	57.446
721.6391	56.0689
722.8906	89.682
724.1421	85.4594
725.3936	96.2414
726.6451	93.968
727.8967	95.3798
729.1482	98.2261
730.3997	89.4775
731.6512	84.6471
732.9027	90.6941
734.1542	101.1668
735.4058	85.3957
736.6572	99.4722
737.9088	118.5338
739.1603	126.2709
740.4118	141.0292
741.6633	168.0795
742.9148	168.4874
744.1663	173.1826
745.4178	199.3149
746.6694	209.1929
747.9209	216.0171
749.1724	232.1649
750.4239	274.7887
751.6754	326.633
752.9269	366.7706
754.1785	419.8641
755.4299	484.6501
756.6815	545.9117
757.933	596.4721
759.1845	651.8781
760.436	680.7716
761.6875	674.7881
762.939	654.2615
764.1906	619.3376
765.4421	537.3871
766.6936	476.33
767.9451	410.707
769.1966	366.0378
770.4481	334.2829
771.6996	286.5243
772.9512	245.1881
774.2026	218.0294
775.4542	191.2067
776.7057	166.9186
777.9572	150.4404
779.2087	136.885
780.4602	127.1965
781.7117	128.7879
782.9633	110.562
784.2148	98.1481
785.4663	100.0048
786.7178	101.4583
787.9693	100.8671
789.2208	107.3786
790.4724	108.9109
791.7239	101.1296
792.9754	80.2807
794.2269	77.8862
795.4784	77.4728
796.7299	71.4792
797.9814	76.2297
799.233	94.2416
800.4844	83.0631
801.736	83.5758
802.9875	91.6224
804.239	88.8688
805.4905	74.6968
806.742	86.7821
807.9935	97.7628
809.2451	85.0925
810.4966	80.7601
811.7481	116.9266
812.9996	121.555
814.2511	83.8195
815.5026	109.2795
816.7542	122.0451
818.0057	128.0675
819.2571	126.0826
820.5087	117.9732
821.7602	121.7832
823.0117	149.2843
824.2632	163.6593
825.5147	151.7719
826.7662	155.9348
828.0178	165.9426
829.2693	196.2865
830.5208	229.4849
831.7723	260.7292
833.0238	300.8628
834.2753	364.1831
835.5269	450.7303
836.7784	519.0781
838.0298	695.235
839.2814	899.2668
840.5329	1197.9653
841.7844	1651.6343
843.0359	2216.7161
844.2874	2703.7744
845.5389	2930.7114
846.7905	2821.207
848.042	2341.5239
849.2935	1699.7489
850.545	1149.5492
851.7965	776.2505
853.048	592.877
854.2996	436.8144
855.5511	352.155
856.8026	328.8336
858.0541	287.7193
859.3056	239.347
860.5571	190.0022
861.8087	170.5141
863.0602	164.7905
864.3116	144.2928
865.5632	131.7988
866.8147	129.0107
868.0662	126.0209
869.3177	125.9632
870.5692	127.5506
871.8207	108.3383
873.0723	87.1961
874.3238	105.3615
875.5753	89.8168
876.8268	97.7648
878.0783	79.152
879.3298	66.0031
880.5814	63.3353
881.8329	64.5602
883.0844	67.697
884.3359	58.1029
885.5874	45.6438
886.8389	64.7518
888.0905	36.101
889.3419	45.5499
890.5934	64.5151
891.845	65.514
893.0965	61.8814
894.348	58.7286
895.5995	46.3404
896.851	37.1357
898.1025	36.9316
899.3541	44.0075
900.6056	54.6547
901.8571	58.7754
903.1086	60.0661
904.3601	56.173
905.6116	60.5387
906.8632	67.2398
908.1147	61.045
909.3661	51.6523
910.6177	43.6276
911.8692	44.595
913.1207	55.4758
914.3723	53.1265
915.6237	48.7746
916.8752	39.1784
918.1268	43.8141
919.3783	46.464
920.6298	36.2767
921.8813	43.6722
923.1328	49.4422
924.3843	44.602
925.6359	27.4964
926.8874	51.0825
928.1389	31.3953
929.3904	24.5519
930.6419	33.1172
931.8934	39.8674
933.145	35.4341
934.3964	30.6356
935.6479	48.1831
936.8995	26.7409
938.151	32.2944
939.4025	43.0165
940.654	40.8274
941.9055	45.3533
943.157	51.3637
944.4086	42.233
945.6601	21.3248
946.9116	17.2626
948.1631	42.107
949.4146	46.6659
950.6661	40.2716
951.9177	36.1852
953.1691	40.0283
954.4207	53.4478
955.6722	35.4619
956.9237	31.5528
958.1752	42.3072
959.4267	40.1189
960.6782	37.4176
961.9297	56.7146
963.1813	62.6754
964.4328	47.3255
965.6843	32.0983
966.9358	44.0968
968.1873	27.015
969.4388	35.3178
970.6904	41.1583
971.9419	41.7587
973.1934	41.9259
974.4449	22.9987
975.6964	29.3144
976.9479	7.1894
978.1995	39.1546
979.4509	41.2025
980.7025	11.5353
981.954	16.5351
983.2055	36.0458
984.457	29.9249
985.7085	16.0112
986.96	25.3703
988.2115	39.0978
989.4631	38.849
990.7146	48.0006
991.9661	49.8815
993.2176	47.9978
994.4691	23.3511
995.7206	35.03
996.9722	38.4122
998.2236	33.8227
999.4752	42.304
1000.7267	55.5788
1001.9782	51.2557
1003.2297	33.5904
1004.4812	39.4032
1005.7327	21.5852
1006.9843	17.7371
1008.2358	23.6381
1009.4873	35.3038
1010.7388	34.4765
1011.9903	38.5328
1013.2418	40.7797
1014.4933	29.836
1015.7449	26.334
1016.9963	37.4374
1018.2479	47.772
1019.4994	26.9885
1020.7509	35.7954
1022.0024	40.0467
1023.2539	41.5203
1024.5055	51.2147
1025.757	53.6029
1027.0084	57.7927
1028.26	60.3957
1029.5115	49.7239
1030.7631	49.1418
1032.0145	20.9011
1033.266	6.4213
1034.5176	38.0147
1035.769	16.0323
1037.0206	23.8387
1038.2721	25.0329
1039.5236	42.0085
1040.7751	58.4146
1042.0266	56.9267
1043.2782	63.7877
1044.5297	82.5498
1045.7811	44.9037
1047.0327	24.4351
1048.2842	42.8471
1049.5358	62.1789
1050.7872	68.1629
1052.0387	66.5397
1053.2903	58.6824
1054.5417	68.4214
1055.7933	67.4035
1057.0448	48.748
1058.2964	48.6242
1059.5479	61.9946
1060.7993	73.4539
1062.0509	46.8604
1063.3024	39.5377
1064.554	58.0773
1065.8054	50.6868
1067.0569	59.3168
1068.3085	72.2884
1069.5599	59.6964
1070.8115	45.3297
1072.063	54.5158
1073.3145	61.018
1074.566	47.0508
1075.8175	50.4724
1077.0691	56.2971
1078.3206	51.3797
1079.572	52.0187
1080.8236	59.4978
1082.0751	46.5861
1083.3267	51.8892
1084.5781	52.6718
1085.8296	47.4017
1087.0812	49.9417
1088.3326	41.0982
1089.5842	17.8064
1090.8357	24.1697
1092.0872	50.7386
1093.3387	65.0903
1094.5902	22.3745
1095.8418	45.2566
1097.0933	43.6849
1098.3447	43.3335
1099.5963	49.6169
1100.8478	62.1707
1102.0994	67.9789
1103.3508	58.0541
1104.6023	59.5689
1105.8539	59.0224
1107.1053	47.5664
1108.3569	67.7215
1109.6084	16.3984
1110.8599	58.0025
1112.1115	55.9822
1113.3629	58.1183
1114.6145	69.0269
1115.866	71.6616
1117.1174	76.2239
1118.369	79.2504
1119.6205	56.988
1120.8721	45.9218
1122.1235	65.2749
1123.375	38.778
1124.6266	71.2692
1125.8781	73.7907
1127.1296	53.2868
1128.3811	54.5494
1129.6326	61.2804
1130.8842	61.0667
1132.1356	64.4194
1133.3872	58.6494
1134.6387	46.9532
1135.8901	65.7417
1137.1417	46.3282
1138.3932	64.6276
1139.6448	61.1342
1140.8962	49.0541
1142.1477	56.0415
1143.3993	55.3376
1144.6508	53.739
1145.9023	45.4563
1147.1538	54.0524
1148.4053	58.7842
1149.6569	49.2809
1150.9083	52.3926
1152.1599	52.8429
1153.4114	67.1692
1154.6628	78.803
1155.9144	54.2506
1157.1659	61.7149
1158.4175	52.9379
1159.6689	65.8437
1160.9204	65.264
1162.172	54.1108
1163.4235	62.9316
1164.675	76.7334
1165.9265	68.1543
1167.178	61.9295
1168.4296	81.0499
1169.681	67.5998
1170.9326	57.0336
1172.1841	47.6437
1173.4355	47.0989
1174.6871	78.9643
1175.9386	94.6527
1177.1902	89.736
1178.4417	74.996
1179.6932	86.5676
1180.9447	105.3849
1182.1962	110.8923
1183.4478	106.8045
1184.6992	95.493
1185.9508	113.3096
1187.2023	105.7513
1188.4537	112.8287
1189.7053	129.9654
1190.9568	100.3506
1192.2084	103.6294
1193.4598	116.8996
1194.7113	118.6784
1195.9629	113.6948
1197.2144	113.1615
1198.4659	126.6953
1199.7174	147.3974
1200.9689	145.5927
1202.2205	118.273
1203.4719	123.8637
1204.7235	109.9867
1205.975	122.0425
1207.2264	103.9576
1208.478	105.9093
1209.7295	85.5588
1210.9811	89.5281
1212.2325	100.8838
1213.484	96.7832
1214.7356	94.5367
1215.9871	101.2518
1217.2386	92.8062
1218.4901	80.9541
1219.7416	107.9033
1220.9932	114.0282
1222.2446	117.14
1223.4962	122.7
1224.7477	80.2881
1225.9991	136.9006
1227.2507	140.9911
1228.5022	143.6606
1229.7538	162.756
1231.0052	147.7169
1232.2567	112.7486
1233.5083	102.9953
1234.7598	119.4053
1236.0114	132.7227
1237.2628	139.1675
1238.5143	156.596
1239.7659	138.0308
1241.0173	141.7474
1242.2689	163.7486
1243.5204	155.1688
1244.7719	174.6535
1246.0234	187.5459
1247.2749	176.6519
1248.5265	208.1724
1249.778	224.5473
1251.0294	222.1493
1252.281	237.5946
1253.5325	255.4639
1254.7841	279.2812
1256.0355	339.5045
1257.287	372.6351
1258.5386	412.6122
1259.79	486.874
1261.0416	583.5803
1262.2931	723.0562
1263.5446	830.2552
1264.7961	1087.7142
1266.0476	1483.2208
1267.2992	2219.5786
1268.5507	3591.4539
1269.8021	5720.2944
1271.0537	8113.0435
1272.3052	9197.2002
1273.5568	7788.0225
1274.8082	5263.6782
1276.0597	3227.1267
1277.3113	2092.9702
1278.5627	1554.254
1279.8143	1139.7418
1281.0658	907.5742
1282.3173	737.2947
1283.5688	635.8728
1284.8203	551.3201
1286.0719	477.3868
1287.3234	417.6191
1288.5748	369.4556
1289.8264	330.4156
1291.0779	300.4827
1292.3295	281.5876
1293.5809	264.0569
1294.8325	224.9528
1296.084	207.6366
1297.3354	168.6743
1298.587	210.0821
1299.8385	196.2144
1301.0901	193.1168
1302.3416	151.7464
1303.593	167.3647
1304.8446	158.9064
1306.0961	160.0752
1307.3477	153.3255
1308.5991	138.6187
1309.8506	132.6041
1311.1022	125.1286
1312.3536	124.5925
1313.6052	122.2287
1314.8567	109.1554
1316.1082	147.7092
1317.3597	121.3781
1318.6112	123.654
1319.8628	113.9409
1321.1143	96.9613
1322.3657	91.5456
1323.6173	108.4098
1324.8688	114.598
1326.1204	103.8383
1327.3718	103.3449
1328.6233	110.9948
1329.8749	115.1253
1331.1263	111.0265
1332.3779	92.7456
1333.6294	87.2595
1334.8809	107.2033
1336.1324	84.3097
1337.3839	110.3673
1338.6355	114.9854
1339.887	118.9494
1341.1384	103.5806
1342.39	86.0061
1343.6415	104.9785
1344.8931	90.7095
1346.1445	79.7208
1347.396	103.9253
1348.6476	96.0491
1349.899	86.1866
1351.1506	101.7393
1352.4021	100.2174
1353.6536	103.0113
1354.9052	84.4802
1356.1566	79.3852
1357.4082	87.9026
1358.6597	98.0616
1359.9111	82.2462
1361.1627	88.7079
1362.4142	83.4663
1363.6658	82.4865
1364.9172	95.2158
1366.1687	88.8303
1367.4203	87.7222
1368.6718	96.562
1369.9233	99.6879
1371.1748	107.1103
1372.4263	101.4747
1373.6779	88.8341
1374.9293	99.2279
1376.1809	75.0943
1377.4324	78.1473
1378.6838	70.8639
1379.9354	99.1921
1381.1869	84.983
1382.4385	57.7816
1383.6899	87.2333
1384.9414	106.5661
1386.193	90.3304
1387.4445	101.9715
1388.696	117.5842
1389.9475	124.3919
1391.199	81.9862
1392.4506	75.8752
1393.702	95.7699
1394.9536	89.1329
1396.2051	104.2639
1397.4565	114.5785
1398.7081	84.2059
1399.9596	83.4243
1401.2112	81.5055
1402.4626	111.1976
1403.7141	111.1278
1404.9657	75.3926
1406.2172	102.8722
1407.4688	129.0676
1408.7202	101.4729
1409.9717	88.7912
1411.2233	105.3171
1412.4747	90.8683
1413.7263	88.2383
1414.9778	105.7125
1416.2294	104.7106
1417.4808	107.515
1418.7323	118.8497
1419.9839	102.4537
1421.2354	94.5679
1422.4869	95.6726
1423.7384	89.3464
1424.9899	113.5786
1426.2415	109.0887
1427.4929	92.5898
1428.7445	113.5558
1429.996	106.6011
1431.2474	128.2513
1432.499	117.1391
1433.7505	107.4366
1435.0021	111.9635
1436.2535	97.3877
1437.505	125.2758
1438.7566	114.7816
1440.0081	104.3054
1441.2596	121.905
1442.5111	128.1329
1443.7626	141.5854
1445.0142	136.0881
1446.2656	140.5497
1447.5172	173.1236
1448.7687	144.443
1450.0201	116.856
1451.2717	145.9225
1452.5232	131.6637
1453.7748	111.4736
1455.0262	128.2548
1456.2777	126.4037
1457.5293	118.1009
1458.7808	125.9646
1460.0323	132.0686
1461.2838	122.5813
1462.5353	125.8451
1463.7869	126.8095
1465.0383	123.7949
1466.2899	111.8991
1467.5414	114.0629
1468.7928	135.2365
1470.0444	128.1795
1471.2959	126.7581
1472.5475	105.9623
1473.799	116.4568
1475.0504	122.2059
1476.302	110.937
1477.5535	121.1924
1478.8051	101.9288
1480.0565	144.849
1481.308	120.2711
1482.5596	117.4658
1483.811	127.4856
1485.0626	136.2764
1486.3141	120.8511
1487.5656	104.7899
1488.8171	116.7649
1490.0686	140.4656
1491.3202	121.0568
1492.5717	99.9519
1493.8231	119.9934
1495.0747	143.5916
1496.3262	143.8979
1497.5778	126.8129
1498.8292	148.2796
1500.0807	133.3167
1501.3323	115.0092
1502.5837	128.2792
1503.8353	129.2874
1505.0868	116.6612
1506.3383	132.7502
1507.5898	132.6132
1508.8413	136.7319
1510.0929	143.0755
1511.3444	120.8449
1512.5958	119.8693
1513.8474	114.1746
1515.0989	115.6488
1516.3505	144.6728
1517.6019	163.8175
1518.8534	160.4008
1520.105	164.9771
1521.3564	163.2203
1522.608	153.0552
1523.8595	157.4077
1525.111	166.4612
1526.3625	196.9048
1527.614	190.7418
1528.8656	194.051
1530.1171	180.8129
1531.3685	215.2774
1532.6201	219.7407
1533.8716	218.7751
1535.1232	201.7348
1536.3746	178.1063
1537.6262	204.1584
1538.8777	180.7614
1540.1292	186.9189
1541.3807	214.5615
1542.6322	221.0597
1543.8838	227.8268
1545.1353	223.4654
1546.3867	226.7922
1547.6383	251.859
1548.8898	291.3797
1550.1414	325.5216
1551.3928	371.1971
1552.6443	438.07
1553.8959	446.5269
1555.1473	372.8857
1556.3989	321.3871
1557.6504	309.1974
1558.9019	336.1246
1560.1534	358.6291
1561.4049	366.723
1562.6565	453.4135
1563.908	535.8854
1565.1594	627.7638
1566.411	724.0745
1567.6625	874.2266
1568.9141	1007.2958
1570.1655	1156.3984
1571.417	1342.4958
1572.6686	1703.9977
1573.92	2332.3933
1575.1716	3358.4785
1576.4231	4975.8081
1577.6746	7312.0098
1578.9261	9744.2441
1580.1776	10579.9854
1581.4292	8802.0674
1582.6807	5648.1943
1583.9321	3120.7744
1585.1837	1807.7402
1586.4352	1208.793
1587.6868	927.7723
1588.9382	778.9536
1590.1897	698.0109
1591.4413	574.8472
1592.6927	550.9775
1593.9443	500.2051
1595.1958	420.98
1596.4473	408.0592
1597.6989	349.3546
1598.9503	354.9035
1600.2019	363.877
1601.4534	335.8717
1602.7048	301.834
1603.9564	314.1755
1605.2079	314.8035
1606.4595	302.779
1607.7109	285.4836
1608.9624	296.9686
1610.214	319.3441
1611.4655	324.88
1612.717	352.9987
1613.9685	348.8498
1615.22	359.7522
1616.4716	377.9394
1617.723	406.8831
1618.9746	445.5571
1620.2261	474.0042
1621.4775	529.8646
1622.7291	595.3415
1623.9806	662.2598
1625.2322	722.4106
1626.4836	776.6431
1627.7351	806.4977
1628.9867	823.611
1630.2382	829.8467
1631.4897	860.2393
1632.7412	844.4989
1633.9927	780.5673
1635.2443	735.4315
1636.4957	729.8099
1637.7473	670.7878
1638.9988	593.5096
1640.2502	550.2216
1641.5018	498.4688
1642.7533	450.3088
1644.0049	388.823
1645.2563	342.2298
1646.5078	322.4093
1647.7594	297.0614
1649.0109	261.4328
1650.2625	249.7707
1651.5139	230.0189
1652.7655	200.2732
1654.017	208.2065
1655.2684	199.7561
1656.52	195.0189
1657.7715	223.1389
1659.0231	227.2419
1660.2745	209.2693
1661.526	202.5808
1662.7776	199.4477
1664.0291	202.7925
1665.2806	207.3799
1666.5321	198.8528
1667.7836	188.471
1669.0352	185.779
1670.2866	187.9639
1671.5382	201.4605
1672.7897	205.3785
1674.0411	225.4242
1675.2927	228.2725
1676.5442	246.3674
1677.7958	237.7269
1679.0472	256.4097
1680.2987	261.33
1681.5503	283.4309
1682.8018	294.3752
1684.0533	319.993
1685.3048	340.3996
1686.5563	383.2244
1687.8079	433.2451
1689.0593	488.2551
1690.3109	557.9035
1691.5624	620.3743
1692.8138	711.2446
1694.0654	808.0379
1695.3169	905.1618
1696.5685	1016.7404
1697.8199	1102.2527
1699.0714	1128.0281
1700.323	1087.4521
1701.5745	1012.6677
1702.826	909.3608
1704.0775	778.6782
1705.329	657.8693
1706.5806	519.7388
1707.832	432.5432
1709.0836	380.7802
1710.3351	322.7747
1711.5865	278.3275
1712.8381	233.5446
1714.0896	202.5727
1715.3412	207.5039
1716.5927	189.048
1717.8441	196.6012
1719.0957	189.3614
1720.3472	174.3209
1721.5988	156.9783
1722.8502	159.2607
1724.1017	167.1103
1725.3533	154.9929
1726.6047	143.7309
1727.8563	146.9208
1729.1078	143.475
1730.3593	138.6179
1731.6108	137.687
1732.8623	146.0708
1734.1139	146.7959
1735.3654	144.5686
1736.6168	141.2888
1737.8684	134.603
1739.1199	119.7026
1740.3715	104.9568
1741.6229	123.7294
1742.8744	127.0263
1744.126	108.8656
1745.3774	113.2468
1746.629	111.504
1747.8805	104.6362
1749.132	98.1974
1750.3835	115.7552
1751.635	103.4746
1752.8866	111.2878
1754.1381	135.5946
1755.3895	122.3829
1756.6411	92.654
1757.8926	108.357
1759.1442	159.6879
1760.3956	118.3995
1761.6471	109.5211
1762.8987	91.9897
1764.1501	113.6159
1765.4017	106.8383
1766.6532	135.4152
1767.9047	103.1791
1769.1562	119.1415
1770.4077	143.5872
1771.6593	132.1648
1772.9108	149.1574
1774.1624	149.1274
1775.4138	139.7124
1776.6653	130.04
1777.9169	150.6342
1779.1683	147.5441
1780.4199	146.5204
1781.6714	144.0983
1782.9229	159.2983
1784.1744	180.155
1785.4259	206.3215
1786.6775	198.5328
1787.929	182.9756
1789.1804	201.5589
1790.432	188.8376
1791.6835	163.8674
1792.9351	157.1181
1794.1865	154.1877
1795.438	163.3462
1796.6896	147.59
1797.941	145.6883
1799.1926	124.6591
1800.4441	127.0085
1801.6956	109.8514
1802.9471	114.2013
1804.1986	100.1355
1805.4502	92.1468
1806.7017	88.4497
1807.9531	98.3731
1809.2047	115.6047
1810.4562	95.0529
1811.7078	108.5545
1812.9592	134.912
1814.2107	128.7902
1815.4623	118.6041
1816.7137	89.2513
1817.9653	106.9353
1819.2168	71.3553
1820.4683	75.9695
1821.7198	120.7974
1822.9713	95.6946
1824.2229	120.1306
1825.4744	108.1894
1826.7258	106.6706
1827.9774	106.6347
1829.2289	109.1681
1830.4805	106.2049
1831.7319	100.7454
1832.9834	69.4652
1834.235	90.4969
1835.4865	106.9406
1836.738	98.7758
1837.9895	95.4143
1839.241	122.2872
1840.4926	108.1989
1841.744	82.4931
1842.9956	102.0423
1844.2471	100.9382
1845.4985	60.0892
1846.7501	73.7246
1848.0016	83.4724
1849.2532	90.2057
1850.5046	98.5721
1851.7561	80.376
1853.0077	82.272
1854.2592	79.8279
1855.5107	85.0111
1856.7622	80.5486
1858.0137	67.8741
1859.2653	70.7381
1860.5167	75.1335
1861.7683	80.1147
1863.0198	83.9582
1864.2712	103.7505
1865.5228	89.8019
1866.7743	107.1353
1868.0259	124.2936
1869.2773	104.1792
1870.5288	94.0911
1871.7804	86.8587
1873.0319	51.3083
1874.2834	83.0863
1875.5349	104.7778
1876.7864	102.6946
1878.038	87.5177
1879.2894	66.4053
1880.541	81.698
1881.7925	85.7988
1883.0439	88.7044
1884.2955	122.0288
1885.547	69.512
1886.7986	81.0693
1888.05	110.8549
1889.3015	107.5731
1890.5531	92.3433
1891.8046	80.8096
1893.0562	84.0472
1894.3076	49.6298
1895.5592	56.4992
1896.8107	101.1109
1898.0621	102.6755
1899.3137	70.2073
1900.5652	91.0205
1901.8168	82.2845
1903.0682	75.0033
1904.3197	85.0259
1905.5713	81.5564
1906.8228	89.4458
1908.0743	94.7539
1909.3258	96.4946
1910.5773	111.7694
1911.8289	110.9775
1913.0803	80.9714
1914.3319	81.0646
1915.5834	114.7244
1916.8348	103.6477
1918.0864	103.5573
1919.3379	109.9154
1920.5895	116.7336
1921.8409	135.002
1923.0924	146.6013
1924.344	136.5087
1925.5955	135.8998
1926.847	145.0482
1928.0985	115.7841
1929.35	86.6085
1930.6016	93.5449
1931.853	114.5083
1933.1046	104.9452
1934.3561	110.5868
1935.6075	109.8224
1936.8591	82.1932
1938.1106	95.1386
1939.3622	104.0772
1940.6136	99.9663
1941.8651	71.2359
1943.1167	58.3976
1944.3682	81.7308
1945.6198	85.0271
1946.8712	86.3571
1948.1227	85.2688
1949.3743	70.8246
1950.6257	76.5457
1951.8773	74.9474
1953.1288	66.5621
1954.3802	79.3326
1955.6318	87.216
1956.8833	89.0295
1958.1349	90.686
1959.3864	99.3321
1960.6378	83.4682
1961.8894	66.5491
1963.1409	84.9537
1964.3925	76.1391
1965.6439	67.2187
1966.8954	64.9054
1968.147	72.0978
1969.3984	83.6393
1970.65	70.3321
1971.9015	89.2254
1973.153	89.9113
1974.4045	90.7988
1975.656	76.9639
1976.9076	89.3356
1978.1591	86.8077
1979.4105	81.3664
1980.6621	87.691
1981.9136	92.8144
1983.1652	79.3612
1984.4166	79.4395
1985.6681	71.293
1986.9197	57.9976
1988.1711	66.668
1989.4227	68.9813
1990.6742	68.1822
1991.9257	78.643
1993.1772	110.825
1994.4287	103.3034
1995.6803	91.4651
1996.9318	92.4986
1998.1832	77.2036
1999.4348	71.3298
2000.6863	60.0958
2001.9379	83.729
2003.1893	85.0423
2004.4408	98.4512
2005.6924	84.265
2006.9438	77.2574
2008.1954	91.054
2009.4469	87.5856
2010.6985	103.3186
2011.95	87.5029
2013.2014	74.2973
2014.453	82.6085
2015.7045	75.4994
2016.9561	98.1636
2018.2075	97.2579
2019.459	61.1365
2020.7106	56.3527
2021.962	76.4536
2023.2136	69.6657
2024.4651	75.1581
2025.7166	70.2036
2026.9681	87.9212
2028.2196	60.8065
2029.4712	48.1129
2030.7227	60.6118
2031.9741	75.9594
2033.2257	78.6882
2034.4772	76.9169
2035.7288	65.8043
2036.9802	99.3954
2038.2317	68.4035
2039.4833	65.6344
2040.7347	43.6478
2041.9863	38.9307
2043.2378	95.7839
2044.4893	91.336
2045.7408	53.2325
2046.9923	71.5589
2048.2439	91.8343
2049.4954	81.8895
2050.7468	65.7959
2051.9983	71.3316
2053.25	71.0948
2054.5015	76.4158
2055.7529	80.9951
2057.0044	68.8638
2058.2559	21.8253
2059.5076	60.3105
2060.759	59.2818
2062.0105	44.3136
2063.262	48.8342
2064.5134	37.8458
2065.7651	52.8266
2067.0166	65.2023
2068.2681	60.5278
2069.5195	48.0558
2070.771	39.891
2072.0227	69.3527
2073.2742	69.1319
2074.5256	58.1649
2075.7771	60.3836
2077.0286	64.6461
2078.2803	63.4187
2079.5317	45.6409
2080.7832	38.3054
2082.0347	54.3473
2083.2861	56.1626
2084.5378	75.9275
2085.7893	81.3932
2087.0408	49.185
2088.2922	47.953
2089.5437	42.0389
2090.7954	43.8459
2092.0469	69.5951
2093.2983	56.7208
2094.5498	61.4639
2095.8013	72.7477
2097.053	79.2664
2098.3044	72.9592
2099.5559	59.8548
2100.8074	70.1152
2102.0588	50.9761
2103.3105	37.1348
2104.562	49.3956
2105.8135	61.0245
2107.0649	45.3842
2108.3164	46.872
2109.5681	60.7418
2110.8196	52.8699
2112.071	41.6485
2113.3225	22.4663
2114.574	50.2239
2115.8257	90.1029
2117.0771	105.9085
2118.3286	95.3681
2119.5801	99.8914
2120.8315	91.427
2122.0833	75.6714
2123.3347	46.0893
2124.5862	58.5298
2125.8376	64.9734
2127.0891	52.3207
2128.3408	40.4577
2129.5923	33.0802
2130.8438	61.4395
2132.0952	59.8754
2133.3467	52.4673
2134.5984	51.377
2135.8499	46.4956
2137.1013	59.331
2138.3528	61.8691
2139.6042	49.9984
2140.856	55.1902
2142.1074	42.1176
2143.3589	46.8565
2144.6104	39.4
2145.8618	38.4268
2147.1135	43.9195
2148.365	59.8704
2149.6165	68.3577
2150.8679	57.5724
2152.1194	57.8806
2153.3711	62.3857
2154.6226	74.5563
2155.874	25.6953
2157.1255	58.7404
2158.377	69.1569
2159.6287	62.2342
2160.8801	33.699
2162.1316	33.4891
2163.3831	69.5744
2164.6345	39.7729
2165.8862	44.6258
2167.1377	39.4636
2168.3892	41.8468
2169.6406	36.5055
2170.8921	37.3258
2172.1438	45.3415
2173.3953	32.089
2174.6467	49.4533
2175.8982	34.0621
2177.1497	47.8608
2178.4014	35.3473
2179.6528	70.1088
2180.9043	40.1842
2182.1558	30.4913
2183.4072	34.3253
2184.6589	41.6972
2185.9104	23.4532
2187.1619	29.2783
2188.4133	80.3841
2189.665	52.3335
2190.9165	44.0379
2192.168	34.6475
2193.4194	35.6209
2194.6709	58.7366
2195.9226	65.8332
2197.1741	59.4001
2198.4255	39.7274
2199.677	40.5573
2200.9285	61.9583
2202.1802	55.8859
2203.4316	53.3212
2204.6831	36.3736
2205.9346	41.3643
2207.186	40.4857
2208.4377	36.3984
2209.6892	46.9803
2210.9407	23.1237
2212.1921	41.2964
2213.4436	61.5579
2214.6953	63.5165
2215.9468	45.8635
2217.1982	63.9979
2218.4497	46.6034
2219.7012	60.2026
2220.9529	63.367
2222.2043	65.5553
2223.4558	67.9554
2224.7073	31.1784
2225.9587	83.569
2227.2104	72.3183
2228.4619	64.4568
2229.7134	66.1482
2230.9648	44.8937
2232.2163	67.6149
2233.468	33.6251
2234.7195	24.7541
2235.9709	45.3739
2237.2224	55.2144
2238.4739	37.1002
2239.7256	76.3092
2240.9771	32.9839
2242.2285	27.4013
2243.48	30.2233
2244.7314	53.6209
2245.9832	43.3095
2247.2346	40.6632
2248.4861	23.815
2249.7375	37.0978
2250.989	20.6504
2252.2407	34.8555
2253.4922	41.1589
2254.7437	35.2401
2255.9951	42.4672
2257.2466	45.4227
2258.4983	49.1545
2259.7498	56.0622
2261.0012	64.3143
2262.2527	51.8545
2263.5042	45.277
2264.7559	59.2436
2266.0073	35.5048
2267.2588	25.7506
2268.5103	51.0744
2269.7617	37.7796
2271.0134	42.6679
2272.2649	30.2931
2273.5164	25.5591
2274.7678	38.6036
2276.0193	74.3362
2277.271	46.3703
2278.5225	20.728
2279.7739	44.9939
2281.0254	57.8782
2282.2769	63.7883
2283.5286	34.5892
2284.78	73.9582
2286.0315	60.3898
2287.283	74.596
2288.5344	79.3872
2289.7861	54.7368
2291.0376	49.0066
2292.2891	16.4814
2293.5405	37.4151
2294.792	30.1582
2296.0437	41.5255
2297.2952	42.417
2298.5466	49.1901
2299.7981	53.7245
2301.0496	39.9068
2302.3013	31.7863
2303.5527	45.5503
2304.8042	69.3734
2306.0557	48.5196
2307.3071	42.8516
2308.5588	46.8864
2309.8103	15.8856
2311.0618	14.834
2312.3132	48.8306
2313.5647	58.5576
2314.8164	69.4431
2316.0679	58.7978
2317.3193	37.2351
2318.5708	19.318
2319.8223	32.0921
2321.074	44.0053
2322.3254	6.4726
2323.5769	63.8439
2324.8284	70.9597
2326.0798	52.4302
2327.3315	52.5666
2328.583	54.6405
2329.8345	20.6306
2331.0859	60.5911
2332.3374	67.0657
2333.5891	71.2667
2334.8406	62.6189
2336.092	76.5333
2337.3435	46.1434
2338.595	34.5123
2339.8467	65.5369
2341.0981	54.5689
2342.3496	55.8423
2343.6011	31.8079
2344.8525	55.5284
2346.1042	59.8064
2347.3557	58.3131
2348.6072	72.1054
2349.8586	27.7583
2351.1101	24.9492
2352.3618	46.89
2353.6133	58.1256
2354.8647	52.7026
2356.1162	72.6526
2357.3677	76.4742
2358.6194	64.028
2359.8708	72.8783
2361.1223	51.0751
2362.3738	55.8495
2363.6252	32.1868
2364.877	21.5745
2366.1284	67.4305
2367.3799	66.6965
2368.6313	59.0202
2369.8828	58.1388
2371.1345	72.5139
2372.386	90.4027
2373.6375	40.6923
2374.8889	57.1086
2376.1404	54.6256
2377.3921	58.0194
2378.6436	66.6179
2379.895	75.2679
2381.1465	72.5046
2382.3979	70.346
2383.6497	83.2189
2384.9011	81.6824
2386.1526	58.9086
2387.4041	44.5119
2388.6555	62.0989
2389.9072	79.0247
2391.1587	98.1981
2392.4102	86.4618
2393.6616	104.2935
2394.9131	101.9157
2396.1648	120.0061
2397.4163	139.9869
2398.6677	111.9235
2399.9192	100.377
2401.1707	104.8168
2402.4224	80.5191
2403.6738	127.2292
2404.9253	115.6141
2406.1768	125.2579
2407.4282	150.0116
2408.6799	139.3141
2409.9314	156.3039
2411.1829	167.235
2412.4343	169.6049
2413.6858	196.6041
2414.9375	195.476
2416.189	162.8853
2417.4404	150.9382
2418.6919	143.4949
2419.9434	139.8564
2421.1951	126.2778
2422.4465	116.8458
2423.698	77.4895
2424.9495	72.4053
2426.2009	89.2519
2427.4526	88.3424
2428.7041	90.7494
2429.9556	92.0083
2431.207	71.3794
2432.4587	67.486
2433.7102	84.4809
2434.9617	76.1226
2436.2131	74.6778
2437.4646	74.5884
2438.7163	85.0162
2439.9678	97.807
2441.2192	81.2347
2442.4707	70.6569
2443.7222	73.9598
2444.9739	71.2414
2446.2253	45.0291
2447.4768	26.2071
2448.7283	73.6545
2449.9797	77.0499
2451.2314	73.8944
2452.4829	91.1966
2453.7344	82.2465
2454.9858	77.4479
2456.2373	96.643
2457.489	77.9013
2458.7405	88.347
2459.9919	85.0124
2461.2434	85.0567
2462.4949	116.4161
2463.7466	96.6107
2464.998	85.8035
2466.2495	115.9177
2467.501	117.5282
2468.7524	115.5115
2470.0042	96.3323
2471.2556	73.4168
2472.5071	80.9794
2473.7585	97.5132
2475.01	80.629
2476.2617	75.0841
2477.5132	66.981
2478.7646	90.6006
2480.0161	38.1287
2481.2676	77.4479
2482.5193	95.6126
2483.7708	113.9933
2485.0222	96.9073
2486.2737	106.4594
2487.5251	72.275
2488.7769	69.75
2490.0283	62.7156
2491.2798	70.6307
2492.5312	61.2672
2493.7827	63.4265
2495.0344	52.3931
2496.2859	57.5315
2497.5374	80.8792
2498.7888	55.9636
2500.0403	67.2576
2501.292	98.1206
2502.5435	90.7841
2503.7949	44.8983
2505.0464	62.5559
2506.2979	17.0727
2507.5496	56.4423
2508.801	52.537
2510.0525	91.6203
2511.304	77.4453
2512.5554	75.2826
2513.8071	91.7134
2515.0586	118.5161
2516.3101	78.8994
2517.5615	102.1481
2518.813	113.3647
2520.0647	102.4996
2521.3162	67.5897
2522.5676	82.14
2523.8191	90.5036
2525.0706	93.2263
2526.3223	81.9748
2527.5737	79.1709
2528.8252	115.5736
2530.0767	117.551
2531.3281	108.5934
2532.5798	86.9487
2533.8313	79.7809
2535.0828	100.8736
2536.3342	108.8868
2537.5857	130.9632
2538.8374	80.4147
2540.0889	102.1072
2541.3403	115.1056
2542.5918	113.6209
2543.8433	95.0399
2545.095	86.7967
2546.3464	99.7536
2547.5979	110.891
2548.8494	115.0335
2550.1008	111.9051
2551.3525	113.2685
2552.604	113.1033
2553.8555	117.0513
2555.1069	135.5044
2556.3584	106.8792
2557.6101	144.6838
2558.8616	101.4284
2560.113	113.1279
2561.3645	143.898
2562.616	114.7113
2563.8677	104.8977
2565.1191	107.937
2566.3706	97.422
2567.6221	101.0488
2568.8735	89.4414
2570.1252	100.6862
2571.3767	104.1311
2572.6282	94.151
2573.8796	95.7559
2575.1311	109.6944
2576.3828	116.004
2577.6343	104.194
2578.8857	117.4302
2580.1372	76.0894
2581.3887	109.2015
2582.6404	94.3984
2583.8918	119.7859
2585.1433	113.9005
2586.3948	88.012
2587.6462	97.2965
2588.8979	76.2133
2590.1494	101.9825
2591.4009	110.5002
2592.6523	112.904
2593.9038	119.5512
2595.1555	95.1764
2596.407	91.1608
2597.6584	75.323
2598.9099	98.4125
2600.1614	121.4823
2601.4131	99.9957
2602.6646	107.9216
2603.916	115.4932
2605.1675	95.291
2606.4189	125.8109
2607.6707	110.7176
2608.9221	111.2047
2610.1736	128.7135
2611.425	118.7296
2612.6765	119.7133
2613.9282	126.7551
2615.1797	94.2132
2616.4312	103.8417
2617.6826	112.8169
2618.9341	138.1049
2620.1858	112.3505
2621.4373	152.3932
2622.6887	114.6963
2623.9402	119.655
2625.1917	127.1619
2626.4434	136.997
2627.6948	127.351
2628.9463	113.8045
2630.1978	112.0703
2631.4492	133.6405
2632.7009	122.6748
2633.9524	122.2573
2635.2039	132.7116
2636.4553	128.1503
2637.7068	135.0412
2638.9585	133.3057
2640.21	104.2108
2641.4614	108.2014
2642.7129	131.8216
2643.9644	134.582
2645.2161	135.455
2646.4675	128.5773
2647.719	123.8061
2648.9705	132.5195
2650.2219	139.9963
2651.4736	143.0244
2652.7251	133.3293
2653.9766	118.4391
2655.228	127.4473
2656.4795	134.9089
2657.7312	146.2119
2658.9827	156.6343
2660.2341	158.5218
2661.4856	139.8129
2662.7371	129.6532
2663.9888	143.0211
2665.2402	148.082
2666.4917	133.216
2667.7432	140.2985
2668.9949	141.0915
2670.2463	133.7264
2671.4978	136.4525
2672.7493	126.79
2674.0007	159.7169
2675.2524	136.2867
2676.5039	143.1821
2677.7554	151.8122
2679.0068	132.9723
2680.2583	140.389
2681.51	132.518
2682.7615	149.1446
2684.0129	145.5385
2685.2644	154.477
2686.5159	168.8869
2687.7676	167.3508
2689.019	173.7701
2690.2705	126.9142
2691.522	145.0426
2692.7734	165.6745
2694.0251	166.1808
2695.2766	134.6071
2696.5281	146.2626
2697.7795	141.9447
2699.031	156.1696
2700.2827	139.9688
2701.5342	123.3264
2702.7856	155.1311
2704.0371	160.1912
2705.2886	169.2505
2706.5403	165.204
2707.7917	166.6706
2709.0432	160.4671
2710.2947	155.9651
2711.5461	182.1184
2712.7979	175.5781
2714.0493	177.5811
2715.3008	174.8934
2716.5522	178.7209
2717.8037	148.7249
2719.0554	158.1159
2720.3069	170.3835
2721.5583	166.1065
2722.8098	179.171
2724.0613	171.8153
2725.313	174.5803
2726.5645	173.8605
2727.8159	207.8886
2729.0674	155.3061
2730.3188	176.557
2731.5706	166.3519
2732.822	194.314
2734.0735	157.1185
2735.325	162.8713
2736.5764	160.0511
2737.8281	172.979
2739.0796	174.2176
2740.3311	165.8295
2741.5825	167.9337
2742.834	144.3782
2744.0857	171.909
2745.3372	178.4841
2746.5886	160.5548
2747.8401	196.9755
2749.0916	170.0981
2750.3433	169.0465
2751.5947	143.7582
2752.8462	165.5163
2754.0977	172.161
2755.3491	178.5277
2756.6008	183.4579
2757.8523	173.424
2759.1038	160.4389
2760.3552	152.8498
2761.6067	202.5883
2762.8584	205.6126
2764.1099	180.7815
2765.3613	210.2721
2766.6128	180.0932
2767.8643	188.563
2769.116	211.8418
2770.3674	194.4019
2771.6189	189.9086
2772.8704	189.59
2774.1218	205.5846
2775.3735	196.627
2776.625	181.2418
2777.8765	209.6854
2779.1279	185.8938
2780.3794	153.9241
2781.6311	212.7412
2782.8826	188.0313
2784.134	181.4277
2785.3855	204.4052
2786.637	179.8366
2787.8887	187.7603
2789.1401	198.0572
2790.3916	208.9767
2791.6431	225.7254
2792.8945	189.368
2794.1462	201.1431
2795.3977	209.1042
2796.6492	196.1556
2797.9006	175.7536
2799.1521	235.83
2800.4038	205.1641
2801.6553	202.3123
2802.9067	214.4868
2804.1582	216.445
2805.4097	185.6076
2806.6614	169.0061
2807.9128	209.8906
2809.1643	228.2467
2810.4158	186.5129
2811.6672	198.7348
2812.9189	230.705
2814.1704	210.2078
2815.4219	187.9066
2816.6733	194.395
2817.9248	195.5984
2819.1765	218.4144
2820.428	218.2638
2821.6794	231.8065
2822.9309	218.0004
2824.1824	191.2509
2825.4341	203.7578
2826.6855	217.3733
2827.937	230.0821
2829.1885	277.8231
2830.4399	223.9541
2831.6917	258.1383
2832.9431	251.9395
2834.1946	273.6696
2835.446	280.6522
2836.6975	277.7353
2837.9492	275.3892
2839.2007	290.8495
2840.4521	318.9672
2841.7036	314.0955
2842.9551	257.4053
2844.2068	314.909
2845.4583	290.2592
2846.7097	281.7
2847.9612	278.3723
2849.2126	241.5963
2850.4644	242.7775
2851.7158	244.1613
2852.9673	236.9431
2854.2188	234.4517
2855.4702	223.5408
2856.7219	219.3187
2857.9734	225.5721
2859.2249	209.3466
2860.4763	207.173
2861.7278	232.3619
2862.9795	237.2064
2864.231	212.4671
2865.4824	225.7095
2866.7339	214.5913
2867.9854	221.4664
2869.2371	242.9559
2870.4885	254.9931
2871.74	214.8483
2872.9915	216.9617
2874.2429	206.1119
2875.4946	296.335
2876.7461	268.8593
2877.9976	237.5442
2879.249	211.1932
2880.5005	239.1908
2881.7522	217.9783
2883.0037	223.9509
2884.2551	217.8719
2885.5066	223.2889
2886.7581	201.6092
2888.0098	228.2863
2889.2612	232.4249
2890.5127	236.3441
2891.7642	256.453
2893.0156	259.4131
2894.2673	263.5017
2895.5188	264.0373
2896.7703	247.3464
2898.0217	266.3636
2899.2732	228.5126
2900.5249	251.6527
2901.7764	263.2009
2903.0278	280.3312
2904.2793	233.1536
2905.531	277.1273
2906.7825	243.2487
2908.0339	261.4106
2909.2854	260.2914
2910.5369	224.476
2911.7886	252.4265
2913.04	248.0782
2914.2915	244.5146
2915.543	261.8597
2916.7944	248.1383
2918.0461	244.6851
2919.2976	258.877
2920.5491	217.7556
2921.8005	252.9043
2923.052	223.364
2924.3037	242.9569
2925.5552	264.1407
2926.8066	260.3476
2928.0581	255.4189
2929.3096	259.5613
2930.5613	254.9828
2931.8127	294.8179
2933.0642	269.6788
2934.3157	266.9763
2935.5671	247.8158
2936.8188	254.5839
2938.0703	276.5168
2939.3218	290.4746
2940.5732	263.0143
2941.8247	243.5785
2943.0764	278.1967
2944.3279	269.364
2945.5793	277.903
2946.8308	267.5334
2948.0823	299.6457
2949.334	275.6078
2950.5854	274.1107
2951.8369	283.4748
2953.0884	261.9492
2954.3398	259.9443
2955.5916	275.8662
2956.843	268.8464
2958.0945	270.7564
2959.3459	256.8389
2960.5974	307.8434
2961.8491	284.6965
2963.1006	278.3185
2964.3521	309.7819
2965.6035	294.8543
2966.855	293.2721
2968.1067	312.848
2969.3582	306.5097
2970.6096	310.5241
2971.8611	308.2395
2973.1125	336.9817
2974.3643	342.3198
2975.6157	316.5884
2976.8672	305.2787
2978.1187	295.9067
2979.3701	322.3249
2980.6218	331.1614
2981.8733	304.951
2983.1248	321.3354
2984.3762	296.8197
2985.6277	325.1099
2986.8794	319.3929
2988.1309	341.7737
2989.3823	329.8727
2990.6338	333.262
2991.8853	368.7828
2993.137	344.5641
2994.3884	351.4326
2995.6399	332.9895
2996.8914	399.3141
2998.1428	336.2482
2999.3945	309.4792
3000.646	362.2556
3001.8975	380.624
3003.1489	371.4888
3004.4004	374.4797
3005.6521	345.4194
3006.9036	371.0944
3008.155	400.4559
3009.4065	384.6412
3010.658	396.2539
3011.9097	374.9262
3013.1611	400.2332
3014.4126	393.36
3015.6641	372.9962
3016.9155	383.7469
3018.1672	395.5252
3019.4187	405.7927
3020.6702	391.8592
3021.9216	375.7292
3023.1731	394.5254
3024.4248	409.1961
3025.6763	413.9537
3026.9277	426.2249
3028.1792	460.5512
3029.4307	443.4538
3030.6824	446.2751
3031.9338	451.5949
3033.1853	494.7787
3034.4368	460.7973
3035.6882	487.3512
3036.9399	532.9249
3038.1914	533.5984
3039.4429	550.7555
3040.6943	567.4948
3041.9458	577.4966
3043.1975	583.5531
3044.449	623.3736
3045.7004	654.2816
3046.9519	705.1609
3048.2034	716.3454
3049.4551	776.0715
3050.7065	853.2408
3051.958	924.7613
3053.2095	1000.5947
3054.4609	1101.9712
3055.7126	1245.6494
3056.9641	1350.0841
3058.2156	1423.7441
3059.467	1591.6564
3060.7185	1759.4327
3061.9702	2020.6184
3063.2217	2376.1772
3064.4731	2721.9849
3065.7246	3163.1682
3066.9761	3687.8862
3068.2278	4550.3428
3069.4792	5905.4253
3070.7307	8257.4951
3071.9822	11308.7754
3073.2336	14239.4883
3074.4854	15074.2773
3075.7368	13128.2373
3076.9883	9978.124
3078.2397	7276.8604
3079.4912	5296.1396
3080.7429	4197.0762
3081.9944	3384.926
3083.2458	2834.1187
3084.4973	2423.2102
3085.7488	2172.9719
3087.0005	1929.7845
3088.252	1731.9012
3089.5034	1512.3263
3090.7549	1389.5978
3092.0063	1383.2362
3093.2581	1228.051
3094.5095	1149.874
3095.761	1073.9344
3097.0125	1041.0128
3098.2639	1011.5372
3099.5156	919.1701
3100.7671	918.7736
3102.0186	890.2626
3103.27	857.2736
3104.5215	835.6372
3105.7732	831.467
3107.0247	837.6444
3108.2761	831.1398
3109.5276	800.4993
3110.7791	797.6202
3112.0308	791.0157
3113.2822	746.9279
3114.5337	701.7972
3115.7852	719.0449
3117.0366	685.9792
3118.2883	699.7011
3119.5398	686.0656
3120.7913	696.3922
3122.0427	696.7772
3123.2942	689.3694
3124.5459	687.3549
3125.7974	715.142
3127.0488	716.606
3128.3003	743.2
3129.5518	716.1876
3130.8035	738.8964
3132.0549	760.4247
3133.3064	732.6815
3134.5579	805.5533
3135.8093	801.4418
3137.061	860.1723
3138.3125	875.8098
3139.564	955.0261
3140.8154	1018.7511
3142.0669	1079.7115
3143.3186	1127.4166
3144.5701	1291.6066
3145.8215	1522.3422
3147.073	1753.6479
3148.3247	1974.9832
3149.5762	2154.4824
3150.8276	2280.802
3152.0791	2347.4478
3153.3306	2179.6899
3154.5823	1958.9799
3155.8337	1558.3186
3157.0852	1324.9305
3158.3367	1055.3005
3159.5881	894.7961
3160.8398	774.0135
3162.0913	742.0289
3163.3428	730.0493
3164.5942	698.7991
3165.8457	631.1669
3167.0974	624.263
3168.3489	634.5889
3169.6003	603.9713
3170.8518	579.8335
3172.1033	608.4122
3173.355	580.8129
3174.6064	542.8509
3175.8579	550.7474
3177.1094	566.4485
3178.3608	627.7842
3179.6125	625.2132
3180.864	580.0165
3182.1155	559.6971
3183.3669	554.3095
3184.6184	599.1223
3185.8701	549.5101
3187.1216	571.1979
3188.373	570.3914
3189.6245	571.0868
3190.876	554.6971
3192.1277	526.1572
3193.3792	532.5964
3194.6306	502.1507
3195.8821	510.8064
3197.1335	490.4215
3198.3853	530.6396
3199.6367	470.4877
3200.8882	372.9795
3202.1396	420.5436
3203.3911	452.6892
3204.6428	380.7639
3205.8943	411.0211
3207.1458	384.4371
3208.3972	354.4287
3209.6487	349.3943
3210.9004	372.6687
3212.1519	361.4996
3213.4033	350.7961
3214.6548	351.1912
3215.9062	352.4671
3217.158	331.9121
3218.4094	341.6609
3219.6609	344.5279
3220.9124	320.0927
3222.1638	303.1421
3223.4155	331.8544
3224.667	351.8202
3225.9185	327.0268
3227.1699	344.0087
3228.4214	353.3474
3229.6731	353.1248
3230.9246	331.1977
3232.176	307.5957
3233.4275	313.8105
3234.679	312.8213
3235.9307	333.2898
3237.1821	292.6641
3238.4336	350.763
3239.6851	356.1784
3240.9365	320.2128
3242.1882	311.0619
3243.4397	356.2972
3244.6912	362.3096
3245.9426	362.9017
3247.1941	328.4698
3248.4458	359.5685
3249.6973	336.0478
3250.9487	339.3094
3252.2002	332.2266
3253.4517	333.239
3254.7034	310.0308
3255.9548	331.7927
3257.2063	321.7788
3258.4578	327.0436
3259.7092	273.4583
3260.9609	260.1485
3262.2124	265.7023
3263.4639	283.5453
3264.7153	331.859
3265.9668	281.9972
3267.2185	288.7413
3268.47	268.4167
3269.7214	262.931
3270.9729	282.9277
3272.2244	269.6957
3273.4761	222.3453
3274.7275	262.2696
3275.979	232.4336
3277.2305	283.7603
3278.4819	278.247
3279.7336	268.9898
3280.9851	261.8511
3282.2366	268.6651
3283.488	237.8248
3284.7395	251.2524
3285.9912	297.1912
3287.2427	279.3517
3288.4941	280.8837
3289.7456	258.8248
3290.9971	270.7079
3292.2488	285.789
3293.5002	219.4075
3294.7517	249.1734
3296.0032	271.7516
3297.2546	245.1935
3298.5063	247.315
3299.7578	262.6915
3301.0093	285.0179
3302.2607	253.3993
3303.5122	244.5042
3304.7639	263.5566
3306.0154	275.2761
3307.2668	264.855
3308.5183	259.2982
3309.7698	247.2592
3311.0215	264.2234
3312.2729	232.1631
3313.5244	259.618
3314.7759	217.7483
3316.0273	262.8722
3317.2791	242.9633
3318.5305	254.6751
3319.782	274.1663
3321.0334	255.0863
3322.2849	239.4602
3323.5366	257.6079
3324.7881	283.4846
3326.0396	293.2402
3327.291	278.7115
3328.5425	262.8609
3329.7942	205.1604
3331.0457	256.73
3332.2971	258.9704
3333.5486	258.5573
3334.8	249.5182
3336.0518	252.217
3337.3032	225.6601
3338.5547	218.3423
3339.8062	264.4129
3341.0576	227.1151
3342.3093	223.9533
3343.5608	292.8978
3344.8123	244.0441
3346.0637	243.0902
3347.3152	192.1354
3348.5669	199.0907
3349.8184	265.1045
3351.0698	279.0623
3352.3213	243.6163
3353.5728	260.5099
3354.8245	272.9225
3356.0759	232.8344
3357.3274	188.6939
3358.5789	256.6471
3359.8303	254.3221
3361.082	267.0476
3362.3335	210.7388
3363.585	197.0424
3364.8364	229.8327
3366.0879	264.5481
3367.3396	243.0053
3368.5911	229.5836
3369.8425	225.3373
3371.094	229.0113
3372.3455	216.0283
3373.5972	246.7495
3374.8486	201.7487
3376.1001	225.1381
3377.3516	232.7581
3378.603	225.2494
3379.8547	214.1446
3381.1062	250.6852
3382.3577	258.1417
3383.6091	238.4853
3384.8608	245.4239
3386.1123	232.1962
3387.3638	216.2399
3388.6152	220.2203
3389.8667	224.4772
3391.1184	241.3053
3392.3699	203.6852
3393.6213	220.035
3394.8728	257.0444
3396.1243	227.2178
3397.376	221.5978
3398.6274	192.5119
3399.8789	250.3026
3401.1304	239.516
3402.3818	242.6119
3403.6335	227.8545
3404.885	194.9362
3406.1365	249.9231
3407.3879	249.201
3408.6394	254.8197
3409.8911	206.4492
3411.1426	211.4774
3412.394	248.0878
3413.6455	211.8798
3414.897	232.2622
3416.1487	236.0364
3417.4001	232.7662
3418.6516	237.356
3419.9031	247.9743
3421.1545	261.8366
3422.4062	236.6818
3423.6577	249.5264
3424.9092	235.3815
3426.1606	259.8325
3427.4121	228.8991
3428.6638	235.1691
3429.9153	273.9615
3431.1667	239.6289
3432.4182	230.7195
3433.6697	257.8335
3434.9214	225.9105
3436.1729	229.428
3437.4243	218.2203
3438.6758	187.6392
3439.9272	211.9225
3441.179	278.1457
3442.4304	250.4813
3443.6819	256.4947
3444.9333	222.7639
3446.1848	244.6458
3447.4365	256.4036
3448.688	231.9784
3449.9395	295.943
3451.1909	217.9575
3452.4424	222.7234
3453.6941	173.7597
3454.9456	232.5842
3456.197	227.2396
3457.4485	191.1129
3458.7	225.1988
3459.9517	246.1704
3461.2031	224.2902
3462.4546	217.8367
3463.7061	220.8731
3464.9575	219.5581
3466.2092	210.689
3467.4607	196.8405
3468.7122	223.5002
3469.9636	148.758
3471.2151	192.4158
3472.4668	225.6324
3473.7183	209.8735
3474.9697	229.933
3476.2212	184.7645
3477.4727	246.5919
3478.7244	233.9149
3479.9758	213.423
3481.2273	223.1165
3482.4788	231.4784
3483.7302	206.7555
3484.9819	251.3533
3486.2334	229.1826
3487.4849	191.3261
3488.7363	240.9125
3489.9878	174.9156
3491.2395	230.7822
3492.491	237.5751
3493.7424	213.8418
3494.9939	211.133
3496.2454	225.9669
3497.4971	242.8703
3498.7485	242.3624
3500	232.3375
